6957 6962 6961 10361 10362 6955 0 0 0 0 0 0 0 0 0 0 0 0 0 0 0 0 0 0
12837 12839 7206 6961 6962 6960 0 0 0 0 0 0 0 0 0 0 0 0 0 0 0 0 0 0
12840 7203 7204 7205 7206 12839 0 0 0 0 0 0 0 0 0 0 0 0 0 0 0 0 0 0
2038 2039 2037 7203 12840 12841 0 0 0 0 0 0 0 0 0 0 0 0 0 0 0 0 0 0
2039 2034 4295 4296 2035 2037 0 0 0 0 0 0 0 0 0 0 0 0 0 0 0 0 0 0
4318 4319 2045 4298 4295 2034 0 0 0 0 0 0 0 0 0 0 0 0 0 0 0 0 0 0
2044 2040 4304 4305 4298 2045 0 0 0 0 0 0 0 0 0 0 0 0 0 0 0 0 0 0
4317 2049 2051 2040 2044 4316 0 0 0 0 0 0 0 0 0 0 0 0 0 0 0 0 0 0
2048 2046 2047 2050 2051 2049 0 0 0 0 0 0 0 0 0 0 0 0 0 0 0 0 0 0
15155 15156 4290 4289 2046 2048 0 0 0 0 0 0 0 0 0 0 0 0 0 0 0 0 0 0
4290 4292 4291 7202 7197 4289 0 0 0 0 0 0 0 0 0 0 0 0 0 0 0 0 0 0
2033 2027 4283 4284 4291 4292 0 0 0 0 0 0 0 0 0 0 0 0 0 0 0 0 0 0
4283 4286 4285 4287 4288 4284 0 0 0 0 0 0 0 0 0 0 0 0 0 0 0 0 0 0
4281 6855 6853 4282 4285 4286 0 0 0 0 0 0 0 0 0 0 0 0 0 0 0 0 0 0
6852 4092 4086 6825 6826 4282 6853 0 0 0 0 0 0 0 0 0 0 0 0 0 0 0 0 0
6850 4093 4095 4094 4092 6852 0 0 0 0 0 0 0 0 0 0 0 0 0 0 0 0 0 0
1923 4097 6834 6829 4094 4095 0 0 0 0 0 0 0 0 0 0 0 0 0 0 0 0 0 0
4103 4098 4099 4097 1923 4104 0 0 0 0 0 0 0 0 0 0 0 0 0 0 0 0 0 0
4098 6886 6885 4101 4100 4099 0 0 0 0 0 0 0 0 0 0 0 0 0 0 0 0 0 0
6887 6883 6882 6884 6885 6886 0 0 0 0 0 0 0 0 0 0 0 0 0 0 0 0 0 0
6882 5402 5403 8258 8259 6884 0 0 0 0 0 0 0 0 0 0 0 0 0 0 0 0 0 0
8263 8261 5404 5403 5402 5401 0 0 0 0 0 0 0 0 0 0 0 0 0 0 0 0 0 0
8260 5398 8256 8255 5404 8261 0 0 0 0 0 0 0 0 0 0 0 0 0 0 0 0 0 0
8262 2753 2752 5397 5398 8260 0 0 0 0 0 0 0 0 0 0 0 0 0 0 0 0 0 0
2759 2760 8252 8247 5397 2752 0 0 0 0 0 0 0 0 0 0 0 0 0 0 0 0 0 0
2757 2755 2756 2760 2759 2758 0 0 0 0 0 0 0 0 0 0 0 0 0 0 0 0 0 0
5450 8279 8290 8289 2756 2755 0 0 0 0 0 0 0 0 0 0 0 0 0 0 0 0 0 0
5454 5453 5449 8280 8279 5450 0 0 0 0 0 0 0 0 0 0 0 0 0 0 0 0 0 0
2780 436 8302 8303 8280 5449 0 0 0 0 0 0 0 0 0 0 0 0 0 0 0 0 0 0
2778 435 1205 1206 436 2780 0 0 0 0 0 0 0 0 0 0 0 0 0 0 0 0 0 0
1205 2204 2205 1204 1207 1206 0 0 0 0 0 0 0 0 0 0 0 0 0 0 0 0 0 0
2209 2202 2203 2205 2204 2208 0 0 0 0 0 0 0 0 0 0 0 0 0 0 0 0 0 0
4601 4602 2200 933 2203 2202 0 0 0 0 0 0 0 0 0 0 0 0 0 0 0 0 0 0
4603 4604 4605 4606 4602 4601 0 0 0 0 0 0 0 0 0 0 0 0 0 0 0 0 0 0
929 928 2182 2201 4606 4605 0 0 0 0 0 0 0 0 0 0 0 0 0 0 0 0 0 0
2185 2187 932 931 928 929 0 0 0 0 0 0 0 0 0 0 0 0 0 0 0 0 0 0
4567 4565 2188 930 931 932 0 0 0 0 0 0 0 0 0 0 0 0 0 0 0 0 0 0
4566 4569 4570 4568 4565 4567 0 0 0 0 0 0 0 0 0 0 0 0 0 0 0 0 0 0
4570 4572 7391 7390 2189 4568 0 0 0 0 0 0 0 0 0 0 0 0 0 0 0 0 0 0
4571 7387 10528 10530 7391 4572 0 0 0 0 0 0 0 0 0 0 0 0 0 0 0 0 0 0
10531 10533 10532 10529 10530 10528 0 0 0 0 0 0 0 0 0 0 0 0 0 0 0 0 0 0
7460 7463 7462 10533 10531 7461 0 0 0 0 0 0 0 0 0 0 0 0 0 0 0 0 0 0
7465 7464 7466 7467 7462 7463 0 0 0 0 0 0 0 0 0 0 0 0 0 0 0 0 0 0
4668 4669 4661 7464 7465 4673 0 0 0 0 0 0 0 0 0 0 0 0 0 0 0 0 0 0
4671 2244 4663 4665 4661 4669 0 0 0 0 0 0 0 0 0 0 0 0 0 0 0 0 0 0
4670 2243 4765 4766 2244 4671 0 0 0 0 0 0 0 0 0 0 0 0 0 0 0 0 0 0
4764 4763 7541 7535 4766 4765 0 0 0 0 0 0 0 0 0 0 0 0 0 0 0 0 0 0
977 978 2318 2321 4763 4764 0 0 0 0 0 0 0 0 0 0 0 0 0 0 0 0 0 0
2318 2322 2323 2319 2320 2321 0 0 0 0 0 0 0 0 0 0 0 0 0 0 0 0 0 0
988 986 975 2323 2322 973 0 0 0 0 0 0 0 0 0 0 0 0 0 0 0 0 0 0
985 990 991 974 975 986 0 0 0 0 0 0 0 0 0 0 0 0 0 0 0 0 0 0
363 1001 1003 990 985 984 0 0 0 0 0 0 0 0 0 0 0 0 0 0 0 0 0 0
2351 2352 1000 1002 1003 1001 0 0 0 0 0 0 0 0 0 0 0 0 0 0 0 0 0 0
4789 7548 7547 2352 2351 4791 0 0 0 0 0 0 0 0 0 0 0 0 0 0 0 0 0 0
7546 10677 10679 7549 7547 7548 0 0 0 0 0 0 0 0 0 0 0 0 0 0 0 0 0 0
4775 4779 4780 10676 10677 7546 0 0 0 0 0 0 0 0 0 0 0 0 0 0 0 0 0 0
4780 4777 2338 2337 10678 10676 0 0 0 0 0 0 0 0 0 0 0 0 0 0 0 0 0 0
2340 999 998 2338 4777 4778 0 0 0 0 0 0 0 0 0 0 0 0 0 0 0 0 0 0
2279 2276 2296 2297 998 999 0 0 0 0 0 0 0 0 0 0 0 0 0 0 0 0 0 0
2280 2278 2277 2275 2276 2279 0 0 0 0 0 0 0 0 0 0 0 0 0 0 0 0 0 0
2277 10669 10670 2274 961 2275 0 0 0 0 0 0 0 0 0 0 0 0 0 0 0 0 0 0
16648 16649 13334 10668 10670 10669 0 0 0 0 0 0 0 0 0 0 0 0 0 0 0 0 0 0
13334 13335 10656 10655 7510 10668 0 0 0 0 0 0 0 0 0 0 0 0 0 0 0 0 0 0
13336 7519 4733 10658 10656 13335 0 0 0 0 0 0 0 0 0 0 0 0 0 0 0 0 0 0
10362 10361 10380 10376 10364 10363 0 0 0 0 0 0 0 0 0 0 0 0 0 0 0 0 0 0
6961 7206 7205 10379 10380 10361 0 0 0 0 0 0 0 0 0 0 0 0 0 0 0 0 0 0
7205 7204 4299 7208 10375 10379 0 0 0 0 0 0 0 0 0 0 0 0 0 0 0 0 0 0
2037 2035 2036 4299 7204 7203 0 0 0 0 0 0 0 0 0 0 0 0 0 0 0 0 0 0
4296 4297 4303 4301 2036 2035 0 0 0 0 0 0 0 0 0 0 0 0 0 0 0 0 0 0
4295 4298 4305 4306 4297 4296 0 0 0 0 0 0 0 0 0 0 0 0 0 0 0 0 0 0
4305 4304 12764 14948 14947 4306 0 0 0 0 0 0 0 0 0 0 0 0 0 0 0 0 0 0
2040 2051 2050 12763 12764 4304 0 0 0 0 0 0 0 0 0 0 0 0 0 0 0 0 0 0
2047 802 804 12762 12763 2050 0 0 0 0 0 0 0 0 0 0 0 0 0 0 0 0 0 0
4289 7197 7198 802 2047 2046 0 0 0 0 0 0 0 0 0 0 0 0 0 0 0 0 0 0
7197 7202 7201 7200 7199 7198 0 0 0 0 0 0 0 0 0 0 0 0 0 0 0 0 0 0
4291 4284 4288 2028 7201 7202 0 0 0 0 0 0 0 0 0 0 0 0 0 0 0 0 0 0
4287 2026 7194 7196 801 2028 4288 0 0 0 0 0 0 0 0 0 0 0 0 0 0 0 0 0
4282 6826 6827 2026 4287 4285 0 0 0 0 0 0 0 0 0 0 0 0 0 0 0 0 0 0
6825 6824 6823 6828 6827 6826 0 0 0 0 0 0 0 0 0 0 0 0 0 0 0 0 0 0
4092 4094 6829 6830 4086 0 0 0 0 0 0 0 0 0 0 0 0 0 0 0 0 0 0 0
6829 6834 6833 6832 6831 6830 0 0 0 0 0 0 0 0 0 0 0 0 0 0 0 0 0 0
4097 4099 4100 4096 6833 6834 0 0 0 0 0 0 0 0 0 0 0 0 0 0 0 0 0 0
4101 5399 5400 2754 1921 4096 4100 0 0 0 0 0 0 0 0 0 0 0 0 0 0 0 0 0
6884 8259 11227 11226 5399 4101 6885 0 0 0 0 0 0 0 0 0 0 0 0 0 0 0 0 0
8258 11225 11232 11227 8259 0 0 0 0 0 0 0 0 0 0 0 0 0 0 0 0 0 0 0
5403 5404 8255 11224 11225 8258 0 0 0 0 0 0 0 0 0 0 0 0 0 0 0 0 0 0
8255 8256 8257 11215 11223 11224 0 0 0 0 0 0 0 0 0 0 0 0 0 0 0 0 0 0
5397 8247 8248 8257 8256 5398 0 0 0 0 0 0 0 0 0 0 0 0 0 0 0 0 0 0
8247 8252 8251 8250 8249 8248 0 0 0 0 0 0 0 0 0 0 0 0 0 0 0 0 0 0
2760 2756 8289 8288 8251 8252 0 0 0 0 0 0 0 0 0 0 0 0 0 0 0 0 0 0
8290 8291 8294 8295 8287 8288 8289 0 0 0 0 0 0 0 0 0 0 0 0 0 0 0 0 0
8280 8303 8305 8291 8290 8279 0 0 0 0 0 0 0 0 0 0 0 0 0 0 0 0 0 0
8302 8300 8301 8304 8305 8303 0 0 0 0 0 0 0 0 0 0 0 0 0 0 0 0 0 0
1206 1207 439 2803 8300 8302 436 0 0 0 0 0 0 0 0 0 0 0 0 0 0 0 0 0
1207 1204 441 440 439 0 0 0 0 0 0 0 0 0 0 0 0 0 0 0 0 0 0 0
2205 2203 933 437 441 1204 0 0 0 0 0 0 0 0 0 0 0 0 0 0 0 0 0 0
933 2200 4598 4597 1200 437 0 0 0 0 0 0 0 0 0 0 0 0 0 0 0 0 0 0
4606 2201 4594 4598 2200 4602 0 0 0 0 0 0 0 0 0 0 0 0 0 0 0 0 0 0
2182 2183 2184 4593 4594 2201 0 0 0 0 0 0 0 0 0 0 0 0 0 0 0 0 0 0
931 930 2178 2183 2182 928 0 0 0 0 0 0 0 0 0 0 0 0 0 0 0 0 0 0
2188 4554 4551 2176 2178 930 0 0 0 0 0 0 0 0 0 0 0 0 0 0 0 0 0 0
4565 4568 2189 4556 4554 2188 0 0 0 0 0 0 0 0 0 0 0 0 0 0 0 0 0 0
2189 7390 7389 2245 4555 4556 0 0 0 0 0 0 0 0 0 0 0 0 0 0 0 0 0 0
10530 10529 7392 7389 7390 7391 0 0 0 0 0 0 0 0 0 0 0 0 0 0 0 0 0 0
10529 10532 7453 7452 7392 0 0 0 0 0 0 0 0 0 0 0 0 0 0 0 0 0 0 0
7462 7467 16629 16627 7453 10532 10533 0 0 0 0 0 0 0 0 0 0 0 0 0 0 0 0 0
7467 7466 10607 13253 16630 16629 0 0 0 0 0 0 0 0 0 0 0 0 0 0 0 0 0 0
7464 4661 4665 10609 10607 7466 0 0 0 0 0 0 0 0 0 0 0 0 0 0 0 0 0 0
4663 4662 4664 10610 10609 4665 0 0 0 0 0 0 0 0 0 0 0 0 0 0 0 0 0 0
2244 4766 7535 7537 4662 4663 0 0 0 0 0 0 0 0 0 0 0 0 0 0 0 0 0 0
7541 7540 7539 7538 7536 7537 7535 0 0 0 0 0 0 0 0 0 0 0 0 0 0 0 0 0
2321 2320 2317 7540 7541 4763 0 0 0 0 0 0 0 0 0 0 0 0 0 0 0 0 0 0
2320 2319 2313 4762 4761 2317 0 0 0 0 0 0 0 0 0 0 0 0 0 0 0 0 0 0
2323 975 974 2314 2313 2319 0 0 0 0 0 0 0 0 0 0 0 0 0 0 0 0 0 0
974 991 992 993 2315 2314 0 0 0 0 0 0 0 0 0 0 0 0 0 0 0 0 0 0
1003 1002 989 992 991 990 0 0 0 0 0 0 0 0 0 0 0 0 0 0 0 0 0 0
1002 1000 367 995 994 989 0 0 0 0 0 0 0 0 0 0 0 0 0 0 0 0 0 0
7547 7549 368 367 1000 2352 0 0 0 0 0 0 0 0 0 0 0 0 0 0 0 0 0 0
7549 10679 10680 2301 364 368 0 0 0 0 0 0 0 0 0 0 0 0 0 0 0 0 0 0
10676 10678 10681 10680 10679 10677 0 0 0 0 0 0 0 0 0 0 0 0 0 0 0 0 0 0
2337 966 967 2300 10681 10678 0 0 0 0 0 0 0 0 0 0 0 0 0 0 0 0 0 0
998 2297 2298 966 2337 2338 0 0 0 0 0 0 0 0 0 0 0 0 0 0 0 0 0 0
2297 2296 4744 4758 4756 2298 0 0 0 0 0 0 0 0 0 0 0 0 0 0 0 0 0 0
2275 961 4745 4744 2296 2276 0 0 0 0 0 0 0 0 0 0 0 0 0 0 0 0 0 0
2274 10661 10660 4747 4745 961 0 0 0 0 0 0 0 0 0 0 0 0 0 0 0 0 0 0
10670 10668 7510 10659 10661 2274 0 0 0 0 0 0 0 0 0 0 0 0 0 0 0 0 0 0
10655 13327 13328 13325 10659 7510 0 0 0 0 0 0 0 0 0 0 0 0 0 0 0 0 0 0
10658 10657 13332 13327 10655 10656 0 0 0 0 0 0 0 0 0 0 0 0 0 0 0 0 0 0
10376 10377 7184 7182 7183 10364 0 0 0 0 0 0 0 0 0 0 0 0 0 0 0 0 0 0
10379 10375 10378 10377 10376 10380 0 0 0 0 0 0 0 0 0 0 0 0 0 0 0 0 0 0
10375 7208 7207 7209 7210 10378 0 0 0 0 0 0 0 0 0 0 0 0 0 0 0 0 0 0
4299 2036 4301 4300 7207 7208 0 0 0 0 0 0 0 0 0 0 0 0 0 0 0 0 0 0
4301 4303 16440 16439 4302 4300 0 0 0 0 0 0 0 0 0 0 0 0 0 0 0 0 0 0
4306 14947 16438 16440 4303 4297 0 0 0 0 0 0 0 0 0 0 0 0 0 0 0 0 0 0
14948 14946 14951 16437 16438 14947 0 0 0 0 0 0 0 0 0 0 0 0 0 0 0 0 0 0
12764 12763 12762 12761 14946 14948 0 0 0 0 0 0 0 0 0 0 0 0 0 0 0 0 0 0
12762 804 803 9929 9930 12761 0 0 0 0 0 0 0 0 0 0 0 0 0 0 0 0 0 0
7198 7199 2032 803 804 802 0 0 0 0 0 0 0 0 0 0 0 0 0 0 0 0 0 0
7199 7200 2029 2030 2031 2032 0 0 0 0 0 0 0 0 0 0 0 0 0 0 0 0 0 0
7201 2028 801 2029 7200 0 0 0 0 0 0 0 0 0 0 0 0 0 0 0 0 0 0 0
7196 7194 7193 7192 7195 0 0 0 0 0 0 0 0 0 0 0 0 0 0 0 0 0 0 0
6827 6828 4277 7193 7194 2026 0 0 0 0 0 0 0 0 0 0 0 0 0 0 0 0 0 0
6828 6823 1915 4276 4277 0 0 0 0 0 0 0 0 0 0 0 0 0 0 0 0 0 0 0
4086 6830 6831 4087 6824 6825 0 0 0 0 0 0 0 0 0 0 0 0 0 0 0 0 0 0
6831 6832 1908 1909 1914 4087 0 0 0 0 0 0 0 0 0 0 0 0 0 0 0 0 0 0
4096 1921 1911 1908 6832 6833 0 0 0 0 0 0 0 0 0 0 0 0 0 0 0 0 0 0
2754 8264 8267 1911 1921 0 0 0 0 0 0 0 0 0 0 0 0 0 0 0 0 0 0 0
5399 11226 11228 5400 0 0 0 0 0 0 0 0 0 0 0 0 0 0 0 0 0 0 0 0
11227 11232 11231 11230 11229 11228 11226 0 0 0 0 0 0 0 0 0 0 0 0 0 0 0 0 0
11224 11223 11222 11231 11232 11225 0 0 0 0 0 0 0 0 0 0 0 0 0 0 0 0 0 0
11215 11214 13824 13826 11222 11223 0 0 0 0 0 0 0 0 0 0 0 0 0 0 0 0 0 0
8248 8249 8253 11214 11215 8257 0 0 0 0 0 0 0 0 0 0 0 0 0 0 0 0 0 0
8250 5409 11249 11248 8253 8249 0 0 0 0 0 0 0 0 0 0 0 0 0 0 0 0 0 0
8288 8287 5460 5409 8250 8251 0 0 0 0 0 0 0 0 0 0 0 0 0 0 0 0 0 0
8287 8295 8292 5462 5461 5460 0 0 0 0 0 0 0 0 0 0 0 0 0 0 0 0 0 0
8305 8304 8297 8294 8291 0 0 0 0 0 0 0 0 0 0 0 0 0 0 0 0 0 0 0
8304 8301 5465 5464 8296 8297 0 0 0 0 0 0 0 0 0 0 0 0 0 0 0 0 0 0
2803 2804 5465 8301 8300 0 0 0 0 0 0 0 0 0 0 0 0 0 0 0 0 0 0 0
440 438 2800 2799 2804 2803 439 0 0 0 0 0 0 0 0 0 0 0 0 0 0 0 0 0
441 437 1200 1201 438 440 0 0 0 0 0 0 0 0 0 0 0 0 0 0 0 0 0 0
1200 4597 4596 1203 1202 1201 0 0 0 0 0 0 0 0 0 0 0 0 0 0 0 0 0 0
4594 4593 4595 4596 4597 4598 0 0 0 0 0 0 0 0 0 0 0 0 0 0 0 0 0 0
4593 2184 2179 926 925 4595 0 0 0 0 0 0 0 0 0 0 0 0 0 0 0 0 0 0
2178 2176 2177 2179 2184 2183 0 0 0 0 0 0 0 0 0 0 0 0 0 0 0 0 0 0
2176 4551 4552 2180 924 2177 0 0 0 0 0 0 0 0 0 0 0 0 0 0 0 0 0 0
4554 4556 4555 4553 4552 4551 0 0 0 0 0 0 0 0 0 0 0 0 0 0 0 0 0 0
2245 7454 7455 2181 4553 4555 0 0 0 0 0 0 0 0 0 0 0 0 0 0 0 0 0 0
7389 7392 7452 7456 7454 2245 0 0 0 0 0 0 0 0 0 0 0 0 0 0 0 0 0 0
7453 16627 16628 15284 7457 7456 7452 0 0 0 0 0 0 0 0 0 0 0 0 0 0 0 0 0
16629 16630 16631 16632 16628 16627 0 0 0 0 0 0 0 0 0 0 0 0 0 0 0 0 0 0
16630 13253 13252 15280 16631 0 0 0 0 0 0 0 0 0 0 0 0 0 0 0 0 0 0 0
10609 10610 10608 13252 13253 10607 0 0 0 0 0 0 0 0 0 0 0 0 0 0 0 0 0 0
4664 4656 4658 4654 10608 10610 0 0 0 0 0 0 0 0 0 0 0 0 0 0 0 0 0 0
7537 7536 4660 4656 4664 4662 0 0 0 0 0 0 0 0 0 0 0 0 0 0 0 0 0 0
7536 7538 7533 4652 4659 4660 0 0 0 0 0 0 0 0 0 0 0 0 0 0 0 0 0 0
7540 2317 4761 7534 7539 0 0 0 0 0 0 0 0 0 0 0 0 0 0 0 0 0 0 0
4762 4759 4760 7532 7534 4761 0 0 0 0 0 0 0 0 0 0 0 0 0 0 0 0 0 0
2314 2315 2316 4759 4762 2313 0 0 0 0 0 0 0 0 0 0 0 0 0 0 0 0 0 0
993 2331 2335 1029 2316 2315 0 0 0 0 0 0 0 0 0 0 0 0 0 0 0 0 0 0
992 989 994 2332 2331 993 0 0 0 0 0 0 0 0 0 0 0 0 0 0 0 0 0 0
995 996 997 2333 2332 994 0 0 0 0 0 0 0 0 0 0 0 0 0 0 0 0 0 0
368 364 365 996 995 367 0 0 0 0 0 0 0 0 0 0 0 0 0 0 0 0 0 0
364 2301 2303 366 365 0 0 0 0 0 0 0 0 0 0 0 0 0 0 0 0 0 0 0
10681 2300 2299 2302 2303 2301 10680 0 0 0 0 0 0 0 0 0 0 0 0 0 0 0 0 0
967 965 969 7527 7530 2299 2300 0 0 0 0 0 0 0 0 0 0 0 0 0 0 0 0 0
966 2298 4756 4755 965 967 0 0 0 0 0 0 0 0 0 0 0 0 0 0 0 0 0 0
4756 4758 4757 4754 4753 4755 0 0 0 0 0 0 0 0 0 0 0 0 0 0 0 0 0 0
4744 4745 4747 4746 4757 4758 0 0 0 0 0 0 0 0 0 0 0 0 0 0 0 0 0 0
10660 15319 15321 1049 4746 4747 0 0 0 0 0 0 0 0 0 0 0 0 0 0 0 0 0 0
10661 10659 13325 15318 15319 10660 0 0 0 0 0 0 0 0 0 0 0 0 0 0 0 0 0 0
13325 13328 13329 13326 15317 15318 0 0 0 0 0 0 0 0 0 0 0 0 0 0 0 0 0 0
13332 13331 13330 13329 13328 13327 0 0 0 0 0 0 0 0 0 0 0 0 0 0 0 0 0 0
7184 2022 2021 2024 2023 7182 0 0 0 0 0 0 0 0 0 0 0 0 0 0 0 0 0 0
10378 7210 2025 2022 7184 10377 0 0 0 0 0 0 0 0 0 0 0 0 0 0 0 0 0 0
7209 9935 9932 4273 2025 7210 0 0 0 0 0 0 0 0 0 0 0 0 0 0 0 0 0 0
4300 4302 9934 9935 7209 7207 0 0 0 0 0 0 0 0 0 0 0 0 0 0 0 0 0 0
4302 16439 17969 17971 9934 0 0 0 0 0 0 0 0 0 0 0 0 0 0 0 0 0 0 0
16438 16437 17419 17970 17969 16439 16440 0 0 0 0 0 0 0 0 0 0 0 0 0 0 0 0 0
14951 14949 14950 17418 17419 16437 0 0 0 0 0 0 0 0 0 0 0 0 0 0 0 0 0 0
12761 9930 9928 14949 14951 14946 0 0 0 0 0 0 0 0 0 0 0 0 0 0 0 0 0 0
9929 9927 12766 12767 9928 9930 0 0 0 0 0 0 0 0 0 0 0 0 0 0 0 0 0 0
803 2032 2031 4082 9927 9929 0 0 0 0 0 0 0 0 0 0 0 0 0 0 0 0 0 0
2030 6815 9942 9941 4082 2031 0 0 0 0 0 0 0 0 0 0 0 0 0 0 0 0 0 0
801 7196 7195 6816 6815 2030 2029 0 0 0 0 0 0 0 0 0 0 0 0 0 0 0 0 0
7195 7192 4274 1904 6814 6816 0 0 0 0 0 0 0 0 0 0 0 0 0 0 0 0 0 0
4277 4276 4275 4274 7192 7193 0 0 0 0 0 0 0 0 0 0 0 0 0 0 0 0 0 0
1915 1918 1916 1913 4275 4276 0 0 0 0 0 0 0 0 0 0 0 0 0 0 0 0 0 0
6824 4087 1914 1919 1918 1915 6823 0 0 0 0 0 0 0 0 0 0 0 0 0 0 0 0 0
1909 1910 9962 9963 4088 1919 1914 0 0 0 0 0 0 0 0 0 0 0 0 0 0 0 0 0
1911 8267 8266 1910 1909 1908 0 0 0 0 0 0 0 0 0 0 0 0 0 0 0 0 0 0
8267 8264 11247 11244 8265 8266 0 0 0 0 0 0 0 0 0 0 0 0 0 0 0 0 0 0
5400 11228 11229 11246 11247 8264 2754 0 0 0 0 0 0 0 0 0 0 0 0 0 0 0 0 0
11230 11234 11237 11245 11246 11229 0 0 0 0 0 0 0 0 0 0 0 0 0 0 0 0 0 0
11231 11222 13826 13827 11234 11230 0 0 0 0 0 0 0 0 0 0 0 0 0 0 0 0 0 0
13826 13824 13843 13842 13825 13827 0 0 0 0 0 0 0 0 0 0 0 0 0 0 0 0 0 0
11214 8253 11248 13840 13843 13824 0 0 0 0 0 0 0 0 0 0 0 0 0 0 0 0 0 0
11248 11249 11250 11251 13841 13840 0 0 0 0 0 0 0 0 0 0 0 0 0 0 0 0 0 0
5409 5460 5461 8298 11250 11249 0 0 0 0 0 0 0 0 0 0 0 0 0 0 0 0 0 0
5461 5462 5463 8299 8298 0 0 0 0 0 0 0 0 0 0 0 0 0 0 0 0 0 0 0
8294 8297 8296 8293 8292 8295 0 0 0 0 0 0 0 0 0 0 0 0 0 0 0 0 0 0
8296 5464 2806 2805 2798 8293 0 0 0 0 0 0 0 0 0 0 0 0 0 0 0 0 0 0
5465 2804 2799 2810 2806 5464 0 0 0 0 0 0 0 0 0 0 0 0 0 0 0 0 0 0
2800 2802 2801 2809 2810 2799 0 0 0 0 0 0 0 0 0 0 0 0 0 0 0 0 0 0
1201 1202 177 2802 2800 438 0 0 0 0 0 0 0 0 0 0 0 0 0 0 0 0 0 0
1203 174 175 176 177 1202 0 0 0 0 0 0 0 0 0 0 0 0 0 0 0 0 0 0
4595 925 154 174 1203 4596 0 0 0 0 0 0 0 0 0 0 0 0 0 0 0 0 0 0
926 354 352 155 154 925 0 0 0 0 0 0 0 0 0 0 0 0 0 0 0 0 0 0
2179 2177 924 355 354 926 0 0 0 0 0 0 0 0 0 0 0 0 0 0 0 0 0 0
2180 4558 4557 357 355 924 0 0 0 0 0 0 0 0 0 0 0 0 0 0 0 0 0 0
4553 2181 4560 4558 2180 4552 0 0 0 0 0 0 0 0 0 0 0 0 0 0 0 0 0 0
7455 13238 13239 10534 4560 2181 0 0 0 0 0 0 0 0 0 0 0 0 0 0 0 0 0 0
7456 7457 13237 13238 7455 7454 0 0 0 0 0 0 0 0 0 0 0 0 0 0 0 0 0 0
7457 15284 15285 13256 13236 13237 0 0 0 0 0 0 0 0 0 0 0 0 0 0 0 0 0 0
16628 16632 15286 15285 15284 0 0 0 0 0 0 0 0 0 0 0 0 0 0 0 0 0 0 0
16631 15280 15281 15282 15283 15286 16632 0 0 0 0 0 0 0 0 0 0 0 0 0 0 0 0 0
13252 10608 4654 13251 15281 15280 0 0 0 0 0 0 0 0 0 0 0 0 0 0 0 0 0 0
4654 4658 4657 4653 13250 13251 0 0 0 0 0 0 0 0 0 0 0 0 0 0 0 0 0 0
4656 4660 4659 4657 4658 0 0 0 0 0 0 0 0 0 0 0 0 0 0 0 0 0 0 0
7533 10596 10597 10589 4652 0 0 0 0 0 0 0 0 0 0 0 0 0 0 0 0 0 0 0
7539 7534 7532 10595 10596 7533 7538 0 0 0 0 0 0 0 0 0 0 0 0 0 0 0 0 0
4760 4651 7445 10594 10595 7532 0 0 0 0 0 0 0 0 0 0 0 0 0 0 0 0 0 0
2316 1029 1028 4651 4760 4759 0 0 0 0 0 0 0 0 0 0 0 0 0 0 0 0 0 0
1029 2335 2336 4769 4768 1028 0 0 0 0 0 0 0 0 0 0 0 0 0 0 0 0 0 0
2332 2333 2334 2336 2335 2331 0 0 0 0 0 0 0 0 0 0 0 0 0 0 0 0 0 0
2333 997 2284 2286 2324 2334 0 0 0 0 0 0 0 0 0 0 0 0 0 0 0 0 0 0
996 365 366 2283 2284 997 0 0 0 0 0 0 0 0 0 0 0 0 0 0 0 0 0 0
366 2303 2302 2305 2306 2282 2283 0 0 0 0 0 0 0 0 0 0 0 0 0 0 0 0 0
2302 2299 7530 7531 2305 0 0 0 0 0 0 0 0 0 0 0 0 0 0 0 0 0 0 0
7530 7527 7528 7529 7531 0 0 0 0 0 0 0 0 0 0 0 0 0 0 0 0 0 0 0
965 4755 4753 2309 969 0 0 0 0 0 0 0 0 0 0 0 0 0 0 0 0 0 0 0
4754 2312 2311 2310 2309 4753 0 0 0 0 0 0 0 0 0 0 0 0 0 0 0 0 0 0
4757 4746 1049 1050 2312 4754 0 0 0 0 0 0 0 0 0 0 0 0 0 0 0 0 0 0
15321 15322 15328 15327 1048 1050 1049 0 0 0 0 0 0 0 0 0 0 0 0 0 0 0 0 0
15318 15317 15320 15322 15321 15319 0 0 0 0 0 0 0 0 0 0 0 0 0 0 0 0 0 0
15317 13326 10662 10665 13333 15320 0 0 0 0 0 0 0 0 0 0 0 0 0 0 0 0 0 0
13329 13330 10663 10664 10662 13326 0 0 0 0 0 0 0 0 0 0 0 0 0 0 0 0 0 0
2024 2021 4260 4261 4257 0 0 0 0 0 0 0 0 0 0 0 0 0 0 0 0 0 0 0
2025 4273 7169 7168 4260 2021 2022 0 0 0 0 0 0 0 0 0 0 0 0 0 0 0 0 0
4273 9932 9933 6812 7170 7169 0 0 0 0 0 0 0 0 0 0 0 0 0 0 0 0 0 0
9934 17971 17973 9933 9932 9935 0 0 0 0 0 0 0 0 0 0 0 0 0 0 0 0 0 0
17969 17970 17972 17974 17973 17971 0 0 0 0 0 0 0 0 0 0 0 0 0 0 0 0 0 0
17419 17418 17968 17965 17972 17970 0 0 0 0 0 0 0 0 0 0 0 0 0 0 0 0 0 0
17418 14950 16446 16447 17967 17968 0 0 0 0 0 0 0 0 0 0 0 0 0 0 0 0 0 0
9928 12767 16442 16446 14950 14949 0 0 0 0 0 0 0 0 0 0 0 0 0 0 0 0 0 0
12767 12766 12765 14952 16443 16442 0 0 0 0 0 0 0 0 0 0 0 0 0 0 0 0 0 0
4082 9941 9943 12765 12766 9927 0 0 0 0 0 0 0 0 0 0 0 0 0 0 0 0 0 0
9941 9942 9940 9945 9946 9944 9943 0 0 0 0 0 0 0 0 0 0 0 0 0 0 0 0 0
6816 6814 6813 9940 9942 6815 0 0 0 0 0 0 0 0 0 0 0 0 0 0 0 0 0 0
1904 4076 4077 4083 6813 6814 0 0 0 0 0 0 0 0 0 0 0 0 0 0 0 0 0 0
4274 4275 1913 4081 4076 1904 0 0 0 0 0 0 0 0 0 0 0 0 0 0 0 0 0 0
1916 1917 1912 4080 4081 1913 0 0 0 0 0 0 0 0 0 0 0 0 0 0 0 0 0 0
1919 4088 6837 6836 1917 1916 1918 0 0 0 0 0 0 0 0 0 0 0 0 0 0 0 0 0
4088 9963 9961 6837 0 0 0 0 0 0 0 0 0 0 0 0 0 0 0 0 0 0 0 0
1910 8266 8265 9964 9962 0 0 0 0 0 0 0 0 0 0 0 0 0 0 0 0 0 0 0
11244 13831 13830 9965 9964 8265 0 0 0 0 0 0 0 0 0 0 0 0 0 0 0 0 0 0
11246 11245 13833 13831 11244 11247 0 0 0 0 0 0 0 0 0 0 0 0 0 0 0 0 0 0
11237 11236 11233 13832 13833 11245 0 0 0 0 0 0 0 0 0 0 0 0 0 0 0 0 0 0
11234 13827 13825 11235 11236 11237 0 0 0 0 0 0 0 0 0 0 0 0 0 0 0 0 0 0
13842 15600 15599 13837 11235 13825 0 0 0 0 0 0 0 0 0 0 0 0 0 0 0 0 0 0
13840 13841 15598 15600 13842 13843 0 0 0 0 0 0 0 0 0 0 0 0 0 0 0 0 0 0
13841 11251 13836 16776 16778 15598 0 0 0 0 0 0 0 0 0 0 0 0 0 0 0 0 0 0
11250 8298 8299 13835 13836 11251 0 0 0 0 0 0 0 0 0 0 0 0 0 0 0 0 0 0
8299 5463 10651 10652 13834 13835 0 0 0 0 0 0 0 0 0 0 0 0 0 0 0 0 0 0
8293 2798 10650 10651 5463 5462 8292 0 0 0 0 0 0 0 0 0 0 0 0 0 0 0 0 0
2805 2808 7506 10649 10650 2798 0 0 0 0 0 0 0 0 0 0 0 0 0 0 0 0 0 0
2806 2810 2809 2807 2808 2805 0 0 0 0 0 0 0 0 0 0 0 0 0 0 0 0 0 0
2809 2801 950 10640 10641 2807 0 0 0 0 0 0 0 0 0 0 0 0 0 0 0 0 0 0
2802 177 176 949 950 2801 0 0 0 0 0 0 0 0 0 0 0 0 0 0 0 0 0 0
176 175 153 15308 15306 949 0 0 0 0 0 0 0 0 0 0 0 0 0 0 0 0 0 0
174 154 155 156 153 175 0 0 0 0 0 0 0 0 0 0 0 0 0 0 0 0 0 0
155 352 353 158 157 156 0 0 0 0 0 0 0 0 0 0 0 0 0 0 0 0 0 0
355 357 356 353 352 354 0 0 0 0 0 0 0 0 0 0 0 0 0 0 0 0 0 0
4557 4559 4573 4574 356 357 0 0 0 0 0 0 0 0 0 0 0 0 0 0 0 0 0 0
4558 4560 10534 10535 4559 4557 0 0 0 0 0 0 0 0 0 0 0 0 0 0 0 0 0 0
10534 13239 15279 15276 10536 10535 0 0 0 0 0 0 0 0 0 0 0 0 0 0 0 0 0 0
13238 13237 13236 15278 15279 13239 0 0 0 0 0 0 0 0 0 0 0 0 0 0 0 0 0 0
13256 13254 10540 15275 15278 13236 0 0 0 0 0 0 0 0 0 0 0 0 0 0 0 0 0 0
15286 15283 13255 13254 13256 15285 0 0 0 0 0 0 0 0 0 0 0 0 0 0 0 0 0 0
15283 15282 13248 10577 10578 13255 0 0 0 0 0 0 0 0 0 0 0 0 0 0 0 0 0 0
15281 13251 13250 13249 13248 15282 0 0 0 0 0 0 0 0 0 0 0 0 0 0 0 0 0 0
4653 2236 2237 4577 13249 13250 0 0 0 0 0 0 0 0 0 0 0 0 0 0 0 0 0 0
4657 4659 4652 10589 10588 2236 4653 0 0 0 0 0 0 0 0 0 0 0 0 0 0 0 0 0
10589 10597 10601 10587 10588 0 0 0 0 0 0 0 0 0 0 0 0 0 0 0 0 0 0 0
10595 10594 10599 10598 10600 10601 10597 10596 0 0 0 0 0 0 0 0 0 0 0 0 0 0 0 0
10594 7445 7443 7444 10599 0 0 0 0 0 0 0 0 0 0 0 0 0 0 0 0 0 0 0
1028 4768 4767 7443 7445 4651 0 0 0 0 0 0 0 0 0 0 0 0 0 0 0 0 0 0
4769 10671 10672 7543 4767 4768 0 0 0 0 0 0 0 0 0 0 0 0 0 0 0 0 0 0
2334 2324 2325 10674 10671 4769 2336 0 0 0 0 0 0 0 0 0 0 0 0 0 0 0 0 0
2324 2286 2285 979 2325 0 0 0 0 0 0 0 0 0 0 0 0 0 0 0 0 0 0 0
2283 2282 2281 2285 2286 2284 0 0 0 0 0 0 0 0 0 0 0 0 0 0 0 0 0 0
2306 2304 968 962 2281 2282 0 0 0 0 0 0 0 0 0 0 0 0 0 0 0 0 0 0
2305 7531 7529 4751 2304 2306 0 0 0 0 0 0 0 0 0 0 0 0 0 0 0 0 0 0
7528 4752 4749 4748 4750 4751 7529 0 0 0 0 0 0 0 0 0 0 0 0 0 0 0 0 0
2309 2310 2308 4752 7528 7527 969 0 0 0 0 0 0 0 0 0 0 0 0 0 0 0 0 0
2310 2311 1047 4965 4963 2307 2308 0 0 0 0 0 0 0 0 0 0 0 0 0 0 0 0 0
1050 1048 2450 2451 1047 2311 2312 0 0 0 0 0 0 0 0 0 0 0 0 0 0 0 0 0
1048 15327 15326 2452 2450 0 0 0 0 0 0 0 0 0 0 0 0 0 0 0 0 0 0 0
15322 15320 13333 15323 15328 0 0 0 0 0 0 0 0 0 0 0 0 0 0 0 0 0 0 0
10665 10667 10666 15325 15323 13333 0 0 0 0 0 0 0 0 0 0 0 0 0 0 0 0 0 0
10662 10664 10892 10893 10667 10665 0 0 0 0 0 0 0 0 0 0 0 0 0 0 0 0 0 0
4260 7168 10359 10360 7174 7173 4261 0 0 0 0 0 0 0 0 0 0 0 0 0 0 0 0 0
7168 7169 7170 10358 10359 0 0 0 0 0 0 0 0 0 0 0 0 0 0 0 0 0 0 0
6812 9936 12768 12769 10358 7170 0 0 0 0 0 0 0 0 0 0 0 0 0 0 0 0 0 0
17973 17974 16441 9936 6812 9933 0 0 0 0 0 0 0 0 0 0 0 0 0 0 0 0 0 0
17972 17965 17964 17957 17961 16441 17974 0 0 0 0 0 0 0 0 0 0 0 0 0 0 0 0 0
17968 17967 17966 17964 17965 0 0 0 0 0 0 0 0 0 0 0 0 0 0 0 0 0 0 0
16447 16445 17423 17425 17966 17967 0 0 0 0 0 0 0 0 0 0 0 0 0 0 0 0 0 0
16446 16442 16443 16444 16445 16447 0 0 0 0 0 0 0 0 0 0 0 0 0 0 0 0 0 0
14952 16453 16454 14953 16444 16443 0 0 0 0 0 0 0 0 0 0 0 0 0 0 0 0 0 0
12765 9943 9944 16452 16453 14952 0 0 0 0 0 0 0 0 0 0 0 0 0 0 0 0 0 0
9946 6822 6821 16450 16452 9944 0 0 0 0 0 0 0 0 0 0 0 0 0 0 0 0 0 0
9940 6813 4083 4084 9945 0 0 0 0 0 0 0 0 0 0 0 0 0 0 0 0 0 0 0
4077 4078 1906 1907 4084 4083 0 0 0 0 0 0 0 0 0 0 0 0 0 0 0 0 0 0
4076 4081 4080 4079 4078 4077 0 0 0 0 0 0 0 0 0 0 0 0 0 0 0 0 0 0
4080 1912 4354 4353 1902 4079 0 0 0 0 0 0 0 0 0 0 0 0 0 0 0 0 0 0
1917 6836 6835 4352 4354 1912 0 0 0 0 0 0 0 0 0 0 0 0 0 0 0 0 0 0
6837 9961 12793 12792 6835 6836 0 0 0 0 0 0 0 0 0 0 0 0 0 0 0 0 0 0
9964 9965 12794 12793 9961 9963 9962 0 0 0 0 0 0 0 0 0 0 0 0 0 0 0 0 0
9965 13830 13828 8268 12796 12794 0 0 0 0 0 0 0 0 0 0 0 0 0 0 0 0 0 0
13833 13832 13829 13828 13830 13831 0 0 0 0 0 0 0 0 0 0 0 0 0 0 0 0 0 0
13832 11233 5417 5418 5411 13829 0 0 0 0 0 0 0 0 0 0 0 0 0 0 0 0 0 0
11235 13837 13838 5417 11233 11236 0 0 0 0 0 0 0 0 0 0 0 0 0 0 0 0 0 0
15599 17639 17644 13839 13838 13837 0 0 0 0 0 0 0 0 0 0 0 0 0 0 0 0 0 0
15600 15598 16778 17640 17639 15599 0 0 0 0 0 0 0 0 0 0 0 0 0 0 0 0 0 0
16776 16777 17635 17641 17640 16778 0 0 0 0 0 0 0 0 0 0 0 0 0 0 0 0 0 0
13836 13835 13834 15595 16777 16776 0 0 0 0 0 0 0 0 0 0 0 0 0 0 0 0 0 0
10652 10653 11035 15596 15595 13834 0 0 0 0 0 0 0 0 0 0 0 0 0 0 0 0 0 0
10650 10649 10654 10653 10652 10651 0 0 0 0 0 0 0 0 0 0 0 0 0 0 0 0 0 0
10649 7506 7507 7509 7508 10654 0 0 0 0 0 0 0 0 0 0 0 0 0 0 0 0 0 0
2807 10641 10639 7507 7506 2808 0 0 0 0 0 0 0 0 0 0 0 0 0 0 0 0 0 0
10640 15315 15313 13324 10639 10641 0 0 0 0 0 0 0 0 0 0 0 0 0 0 0 0 0 0
950 949 15306 15316 15315 10640 0 0 0 0 0 0 0 0 0 0 0 0 0 0 0 0 0 0
15308 15309 15307 15314 15316 15306 0 0 0 0 0 0 0 0 0 0 0 0 0 0 0 0 0 0
153 156 157 159 15309 15308 0 0 0 0 0 0 0 0 0 0 0 0 0 0 0 0 0 0
158 13284 13279 2246 159 157 0 0 0 0 0 0 0 0 0 0 0 0 0 0 0 0 0 0
353 356 4574 13285 13284 158 0 0 0 0 0 0 0 0 0 0 0 0 0 0 0 0 0 0
4573 7394 7393 13283 13285 4574 0 0 0 0 0 0 0 0 0 0 0 0 0 0 0 0 0 0
10535 10536 7397 7394 4573 4559 0 0 0 0 0 0 0 0 0 0 0 0 0 0 0 0 0 0
10536 15276 15277 13245 7398 7397 0 0 0 0 0 0 0 0 0 0 0 0 0 0 0 0 0 0
15278 15275 15273 15274 15277 15276 15279 0 0 0 0 0 0 0 0 0 0 0 0 0 0 0 0 0
15275 10540 10541 10539 15273 0 0 0 0 0 0 0 0 0 0 0 0 0 0 0 0 0 0 0
13255 10578 10575 10541 10540 13254 0 0 0 0 0 0 0 0 0 0 0 0 0 0 0 0 0 0
10577 10579 10580 10576 10575 10578 0 0 0 0 0 0 0 0 0 0 0 0 0 0 0 0 0 0
13249 4577 4576 10579 10577 13248 0 0 0 0 0 0 0 0 0 0 0 0 0 0 0 0 0 0
2237 4646 10590 13272 13273 4576 4577 0 0 0 0 0 0 0 0 0 0 0 0 0 0 0 0 0
10588 10587 7439 4646 2237 2236 0 0 0 0 0 0 0 0 0 0 0 0 0 0 0 0 0 0
10587 10601 10600 7442 7441 7440 7439 0 0 0 0 0 0 0 0 0 0 0 0 0 0 0 0 0
10600 10598 4650 4648 7442 0 0 0 0 0 0 0 0 0 0 0 0 0 0 0 0 0 0 0
10599 7444 4649 4650 10598 0 0 0 0 0 0 0 0 0 0 0 0 0 0 0 0 0 0 0
7443 4767 7543 7544 1027 4649 7444 0 0 0 0 0 0 0 0 0 0 0 0 0 0 0 0 0
10672 10673 7542 7545 7544 7543 0 0 0 0 0 0 0 0 0 0 0 0 0 0 0 0 0 0
10671 10674 10675 10673 10672 0 0 0 0 0 0 0 0 0 0 0 0 0 0 0 0 0 0 0
979 982 980 2410 10675 10674 2325 0 0 0 0 0 0 0 0 0 0 0 0 0 0 0 0 0
2285 2281 962 2326 2327 982 979 0 0 0 0 0 0 0 0 0 0 0 0 0 0 0 0 0
968 2288 2328 2326 962 0 0 0 0 0 0 0 0 0 0 0 0 0 0 0 0 0 0 0
4751 4750 2287 2288 968 2304 0 0 0 0 0 0 0 0 0 0 0 0 0 0 0 0 0 0
4748 4740 4739 2287 4750 0 0 0 0 0 0 0 0 0 0 0 0 0 0 0 0 0 0 0
4752 2308 2307 4749 0 0 0 0 0 0 0 0 0 0 0 0 0 0 0 0 0 0 0 0
4965 4966 4967 4964 4963 0 0 0 0 0 0 0 0 0 0 0 0 0 0 0 0 0 0 0
2451 4961 4966 4965 1047 0 0 0 0 0 0 0 0 0 0 0 0 0 0 0 0 0 0 0
2450 2452 7746 7745 4961 2451 0 0 0 0 0 0 0 0 0 0 0 0 0 0 0 0 0 0
15328 15323 15325 15324 15326 15327 0 0 0 0 0 0 0 0 0 0 0 0 0 0 0 0 0 0
10666 4730 1052 1051 15324 15325 0 0 0 0 0 0 0 0 0 0 0 0 0 0 0 0 0 0
10667 10893 10891 4729 4730 10666 0 0 0 0 0 0 0 0 0 0 0 0 0 0 0 0 0 0
10360 15136 16558 16562 7175 7174 0 0 0 0 0 0 0 0 0 0 0 0 0 0 0 0 0 0
10359 10358 12769 12770 15134 15136 10360 0 0 0 0 0 0 0 0 0 0 0 0 0 0 0 0 0
12768 12772 12774 12770 12769 0 0 0 0 0 0 0 0 0 0 0 0 0 0 0 0 0 0 0
9936 16441 17961 17960 12772 12768 0 0 0 0 0 0 0 0 0 0 0 0 0 0 0 0 0 0
17961 17957 17963 17962 17959 17958 17960 0 0 0 0 0 0 0 0 0 0 0 0 0 0 0 0 0
17964 17966 17425 17426 17963 17957 0 0 0 0 0 0 0 0 0 0 0 0 0 0 0 0 0 0
17423 17424 17976 18200 18199 17426 17425 0 0 0 0 0 0 0 0 0 0 0 0 0 0 0 0 0
16444 14953 16448 17424 17423 16445 0 0 0 0 0 0 0 0 0 0 0 0 0 0 0 0 0 0
16454 16455 14957 16449 16448 14953 0 0 0 0 0 0 0 0 0 0 0 0 0 0 0 0 0 0
16452 16450 16451 16455 16454 16453 0 0 0 0 0 0 0 0 0 0 0 0 0 0 0 0 0 0
16450 6821 16468 16466 16451 0 0 0 0 0 0 0 0 0 0 0 0 0 0 0 0 0 0 0
9945 4084 1907 6820 6822 9946 0 0 0 0 0 0 0 0 0 0 0 0 0 0 0 0 0 0
1907 1906 1905 4085 6819 6820 0 0 0 0 0 0 0 0 0 0 0 0 0 0 0 0 0 0
4079 1902 1903 1905 1906 4078 0 0 0 0 0 0 0 0 0 0 0 0 0 0 0 0 0 0
4353 7276 7275 4341 1903 1902 0 0 0 0 0 0 0 0 0 0 0 0 0 0 0 0 0 0
4352 7272 7276 4353 4354 0 0 0 0 0 0 0 0 0 0 0 0 0 0 0 0 0 0 0
6835 12792 12791 7269 7271 7272 4352 0 0 0 0 0 0 0 0 0 0 0 0 0 0 0 0 0
12794 12796 12795 12791 12792 12793 0 0 0 0 0 0 0 0 0 0 0 0 0 0 0 0 0 0
12796 8268 5410 7281 7286 12795 0 0 0 0 0 0 0 0 0 0 0 0 0 0 0 0 0 0
13828 13829 5411 5412 5410 8268 0 0 0 0 0 0 0 0 0 0 0 0 0 0 0 0 0 0
5418 8269 8274 5416 5412 5411 0 0 0 0 0 0 0 0 0 0 0 0 0 0 0 0 0 0
5417 13838 13839 8272 8269 5418 0 0 0 0 0 0 0 0 0 0 0 0 0 0 0 0 0 0
13839 17644 17643 8254 8271 8272 0 0 0 0 0 0 0 0 0 0 0 0 0 0 0 0 0 0
17639 17640 17641 17642 17643 17644 0 0 0 0 0 0 0 0 0 0 0 0 0 0 0 0 0 0
17641 17635 17637 17636 17638 17642 0 0 0 0 0 0 0 0 0 0 0 0 0 0 0 0 0 0
15595 15596 15597 17637 17635 16777 0 0 0 0 0 0 0 0 0 0 0 0 0 0 0 0 0 0
15596 11035 13633 13634 11036 15597 0 0 0 0 0 0 0 0 0 0 0 0 0 0 0 0 0 0
10653 10654 7508 13637 13633 11035 0 0 0 0 0 0 0 0 0 0 0 0 0 0 0 0 0 0
7509 7505 7504 13638 13637 7508 0 0 0 0 0 0 0 0 0 0 0 0 0 0 0 0 0 0
7507 10639 13324 13323 7505 7509 0 0 0 0 0 0 0 0 0 0 0 0 0 0 0 0 0 0
13324 15313 15310 13321 13322 13323 0 0 0 0 0 0 0 0 0 0 0 0 0 0 0 0 0 0
15316 15314 15312 15311 15310 15313 15315 0 0 0 0 0 0 0 0 0 0 0 0 0 0 0 0 0
15314 15307 13319 13320 15312 0 0 0 0 0 0 0 0 0 0 0 0 0 0 0 0 0 0 0
159 2246 2247 13319 15307 15309 0 0 0 0 0 0 0 0 0 0 0 0 0 0 0 0 0 0
2246 13279 13281 13276 2247 0 0 0 0 0 0 0 0 0 0 0 0 0 0 0 0 0 0 0
13285 13283 13280 13282 13281 13279 13284 0 0 0 0 0 0 0 0 0 0 0 0 0 0 0 0 0
13283 7393 7395 7468 10615 13280 0 0 0 0 0 0 0 0 0 0 0 0 0 0 0 0 0 0
7394 7397 7398 7396 7395 7393 0 0 0 0 0 0 0 0 0 0 0 0 0 0 0 0 0 0
13245 13246 7471 7472 4575 7396 7398 0 0 0 0 0 0 0 0 0 0 0 0 0 0 0 0 0
15277 15274 13247 13246 13245 0 0 0 0 0 0 0 0 0 0 0 0 0 0 0 0 0 0 0
15273 10539 10573 10572 10537 13247 15274 0 0 0 0 0 0 0 0 0 0 0 0 0 0 0 0 0
10541 10575 10576 10574 10573 10539 0 0 0 0 0 0 0 0 0 0 0 0 0 0 0 0 0 0
10576 10580 7437 7438 10570 10574 0 0 0 0 0 0 0 0 0 0 0 0 0 0 0 0 0 0
10579 4576 13273 13274 7437 10580 0 0 0 0 0 0 0 0 0 0 0 0 0 0 0 0 0 0
13272 13271 13270 13275 13274 13273 0 0 0 0 0 0 0 0 0 0 0 0 0 0 0 0 0 0
7439 7440 10593 10590 4646 0 0 0 0 0 0 0 0 0 0 0 0 0 0 0 0 0 0 0
7441 4647 1026 10592 10593 7440 0 0 0 0 0 0 0 0 0 0 0 0 0 0 0 0 0 0
7442 4648 7573 7574 4647 7441 0 0 0 0 0 0 0 0 0 0 0 0 0 0 0 0 0 0
4649 1027 10700 10701 7573 4648 4650 0 0 0 0 0 0 0 0 0 0 0 0 0 0 0 0 0
1027 7544 7545 10702 10700 0 0 0 0 0 0 0 0 0 0 0 0 0 0 0 0 0 0 0
7545 7542 2412 4866 10703 10702 0 0 0 0 0 0 0 0 0 0 0 0 0 0 0 0 0 0
10675 2410 2411 2412 7542 10673 0 0 0 0 0 0 0 0 0 0 0 0 0 0 0 0 0 0
2410 980 981 2408 2407 2411 0 0 0 0 0 0 0 0 0 0 0 0 0 0 0 0 0 0
2327 2330 981 980 982 0 0 0 0 0 0 0 0 0 0 0 0 0 0 0 0 0 0 0
2326 2328 2329 4771 4770 2330 2327 0 0 0 0 0 0 0 0 0 0 0 0 0 0 0 0 0
2287 4739 7526 7525 2329 2328 2288 0 0 0 0 0 0 0 0 0 0 0 0 0 0 0 0 0
4739 4740 4741 7520 7526 0 0 0 0 0 0 0 0 0 0 0 0 0 0 0 0 0 0 0
4749 2307 4963 4964 2456 4741 4740 4748 0 0 0 0 0 0 0 0 0 0 0 0 0 0 0 0
4964 4967 4962 2455 2454 2456 0 0 0 0 0 0 0 0 0 0 0 0 0 0 0 0 0 0
4966 4961 7745 7748 4962 4967 0 0 0 0 0 0 0 0 0 0 0 0 0 0 0 0 0 0
7746 7747 7749 7751 7750 7748 7745 0 0 0 0 0 0 0 0 0 0 0 0 0 0 0 0 0
15324 1051 4957 7747 7746 2452 15326 0 0 0 0 0 0 0 0 0 0 0 0 0 0 0 0 0
1052 5002 5003 4958 4957 1051 0 0 0 0 0 0 0 0 0 0 0 0 0 0 0 0 0 0
4729 2471 5001 5002 1052 4730 0 0 0 0 0 0 0 0 0 0 0 0 0 0 0 0 0 0
16562 16558 16559 16560 16561 16563 0 0 0 0 0 0 0 0 0 0 0 0 0 0 0 0 0 0
15136 15134 15135 16559 16558 0 0 0 0 0 0 0 0 0 0 0 0 0 0 0 0 0 0 0
12770 12774 12773 11182 13104 15135 15134 0 0 0 0 0 0 0 0 0 0 0 0 0 0 0 0 0
17960 17958 12771 12773 12774 12772 0 0 0 0 0 0 0 0 0 0 0 0 0 0 0 0 0 0
17959 12775 9931 12771 17958 0 0 0 0 0 0 0 0 0 0 0 0 0 0 0 0 0 0 0
17426 18199 18201 17962 17963 0 0 0 0 0 0 0 0 0 0 0 0 0 0 0 0 0 0 0
17976 17975 17977 18205 18200 0 0 0 0 0 0 0 0 0 0 0 0 0 0 0 0 0 0 0
17424 16448 16449 17421 17975 17976 0 0 0 0 0 0 0 0 0 0 0 0 0 0 0 0 0 0
14957 14956 14955 14954 17420 17421 16449 0 0 0 0 0 0 0 0 0 0 0 0 0 0 0 0 0
16455 16451 16466 16467 14956 14957 0 0 0 0 0 0 0 0 0 0 0 0 0 0 0 0 0 0
16468 16469 16465 16464 16463 16467 16466 0 0 0 0 0 0 0 0 0 0 0 0 0 0 0 0 0
6820 6819 9960 16469 16468 6821 6822 0 0 0 0 0 0 0 0 0 0 0 0 0 0 0 0 0
6819 4085 4342 14972 14973 9960 0 0 0 0 0 0 0 0 0 0 0 0 0 0 0 0 0 0
1903 4341 4343 4342 4085 1905 0 0 0 0 0 0 0 0 0 0 0 0 0 0 0 0 0 0
4341 7275 7274 4340 4344 4343 0 0 0 0 0 0 0 0 0 0 0 0 0 0 0 0 0 0
7276 7272 7271 7273 7274 7275 0 0 0 0 0 0 0 0 0 0 0 0 0 0 0 0 0 0
7269 7270 4348 4351 4350 7273 7271 0 0 0 0 0 0 0 0 0 0 0 0 0 0 0 0 0
12791 12795 7286 7285 7270 7269 0 0 0 0 0 0 0 0 0 0 0 0 0 0 0 0 0 0
7281 7283 7284 7282 7285 7286 0 0 0 0 0 0 0 0 0 0 0 0 0 0 0 0 0 0
5410 5412 5416 5415 7283 7281 0 0 0 0 0 0 0 0 0 0 0 0 0 0 0 0 0 0
5416 8274 8273 5413 5414 5415 0 0 0 0 0 0 0 0 0 0 0 0 0 0 0 0 0 0
8272 8271 8270 8273 8274 8269 0 0 0 0 0 0 0 0 0 0 0 0 0 0 0 0 0 0
8271 8254 11217 11216 5419 8270 0 0 0 0 0 0 0 0 0 0 0 0 0 0 0 0 0 0
17642 17638 11219 11217 8254 17643 0 0 0 0 0 0 0 0 0 0 0 0 0 0 0 0 0 0
17636 8050 8052 11221 11219 17638 0 0 0 0 0 0 0 0 0 0 0 0 0 0 0 0 0 0
17637 15597 11036 8055 8050 17636 0 0 0 0 0 0 0 0 0 0 0 0 0 0 0 0 0 0
11036 13634 13635 8053 8054 8055 0 0 0 0 0 0 0 0 0 0 0 0 0 0 0 0 0 0
13633 13637 13638 13636 13635 13634 0 0 0 0 0 0 0 0 0 0 0 0 0 0 0 0 0 0
13638 7504 10646 10647 4719 13636 0 0 0 0 0 0 0 0 0 0 0 0 0 0 0 0 0 0
13323 13322 10644 10646 7504 7505 0 0 0 0 0 0 0 0 0 0 0 0 0 0 0 0 0 0
13321 13318 13317 10643 10644 13322 0 0 0 0 0 0 0 0 0 0 0 0 0 0 0 0 0 0
15310 15311 10648 13315 13318 13321 0 0 0 0 0 0 0 0 0 0 0 0 0 0 0 0 0 0
15312 13320 4718 7503 10648 15311 0 0 0 0 0 0 0 0 0 0 0 0 0 0 0 0 0 0
13319 2247 13276 13277 4718 13320 0 0 0 0 0 0 0 0 0 0 0 0 0 0 0 0 0 0
13276 13281 13282 13291 13290 13278 13277 0 0 0 0 0 0 0 0 0 0 0 0 0 0 0 0 0
13282 13280 10615 13289 13291 0 0 0 0 0 0 0 0 0 0 0 0 0 0 0 0 0 0 0
7468 7469 10613 13288 13289 10615 0 0 0 0 0 0 0 0 0 0 0 0 0 0 0 0 0 0
7396 4575 4676 7469 7468 7395 0 0 0 0 0 0 0 0 0 0 0 0 0 0 0 0 0 0
4575 7472 10620 10622 4676 0 0 0 0 0 0 0 0 0 0 0 0 0 0 0 0 0 0 0
13247 10537 10538 7471 13246 0 0 0 0 0 0 0 0 0 0 0 0 0 0 0 0 0 0 0
10572 10571 13243 13240 10538 10537 0 0 0 0 0 0 0 0 0 0 0 0 0 0 0 0 0 0
10574 10570 10569 10571 10572 10573 0 0 0 0 0 0 0 0 0 0 0 0 0 0 0 0 0 0
7438 10581 10582 10561 10569 10570 0 0 0 0 0 0 0 0 0 0 0 0 0 0 0 0 0 0
13274 13275 10586 10581 7438 7437 0 0 0 0 0 0 0 0 0 0 0 0 0 0 0 0 0 0
13275 13270 10545 10585 10586 0 0 0 0 0 0 0 0 0 0 0 0 0 0 0 0 0 0 0
10590 10593 10592 10591 13271 13272 0 0 0 0 0 0 0 0 0 0 0 0 0 0 0 0 0 0
10592 1026 10548 10549 10542 10591 0 0 0 0 0 0 0 0 0 0 0 0 0 0 0 0 0 0
4647 7574 10546 10548 1026 0 0 0 0 0 0 0 0 0 0 0 0 0 0 0 0 0 0 0
7573 10701 10704 10547 10546 7574 0 0 0 0 0 0 0 0 0 0 0 0 0 0 0 0 0 0
10702 10703 13349 13348 10704 10701 10700 0 0 0 0 0 0 0 0 0 0 0 0 0 0 0 0 0
4866 7575 13360 13365 13349 10703 0 0 0 0 0 0 0 0 0 0 0 0 0 0 0 0 0 0
2412 2411 2407 7577 7575 4866 0 0 0 0 0 0 0 0 0 0 0 0 0 0 0 0 0 0
2407 2408 2409 7576 7577 0 0 0 0 0 0 0 0 0 0 0 0 0 0 0 0 0 0 0
981 2330 4770 4772 2293 963 2409 2408 0 0 0 0 0 0 0 0 0 0 0 0 0 0 0 0
4771 4773 4774 4772 4770 0 0 0 0 0 0 0 0 0 0 0 0 0 0 0 0 0 0 0
2329 7525 7523 4773 4771 0 0 0 0 0 0 0 0 0 0 0 0 0 0 0 0 0 0 0
7526 7520 7521 7522 7524 7523 7525 0 0 0 0 0 0 0 0 0 0 0 0 0 0 0 0 0
2456 2454 964 7521 7520 4741 0 0 0 0 0 0 0 0 0 0 0 0 0 0 0 0 0 0
2455 2457 2458 2460 964 2454 0 0 0 0 0 0 0 0 0 0 0 0 0 0 0 0 0 0
4962 7748 7750 2457 2455 0 0 0 0 0 0 0 0 0 0 0 0 0 0 0 0 0 0 0
7749 4959 7718 13450 13452 7751 0 0 0 0 0 0 0 0 0 0 0 0 0 0 0 0 0 0
7747 4957 4958 4960 4959 7749 0 0 0 0 0 0 0 0 0 0 0 0 0 0 0 0 0 0
4958 5003 5004 4968 4970 4960 0 0 0 0 0 0 0 0 0 0 0 0 0 0 0 0 0 0
5002 5001 5000 4999 5004 5003 0 0 0 0 0 0 0 0 0 0 0 0 0 0 0 0 0 0
16561 16560 13106 10349 13112 13111 0 0 0 0 0 0 0 0 0 0 0 0 0 0 0 0 0 0
15135 13104 13105 13106 16560 16559 0 0 0 0 0 0 0 0 0 0 0 0 0 0 0 0 0 0
11182 11183 11184 11185 11186 13105 13104 0 0 0 0 0 0 0 0 0 0 0 0 0 0 0 0 0
12773 12771 9931 11181 11183 11182 0 0 0 0 0 0 0 0 0 0 0 0 0 0 0 0 0 0
9931 12775 12776 13789 13788 11181 0 0 0 0 0 0 0 0 0 0 0 0 0 0 0 0 0 0
17962 18201 18202 12776 12775 17959 0 0 0 0 0 0 0 0 0 0 0 0 0 0 0 0 0 0
18199 18200 18205 18204 18203 18202 18201 0 0 0 0 0 0 0 0 0 0 0 0 0 0 0 0 0
17421 17420 17422 17977 17975 0 0 0 0 0 0 0 0 0 0 0 0 0 0 0 0 0 0 0
17420 14954 12783 9952 17422 0 0 0 0 0 0 0 0 0 0 0 0 0 0 0 0 0 0 0
16467 16463 14955 14956 0 0 0 0 0 0 0 0 0 0 0 0 0 0 0 0 0 0 0 0
16465 14969 14968 14967 16464 0 0 0 0 0 0 0 0 0 0 0 0 0 0 0 0 0 0 0
9960 14973 14970 14969 16465 16469 0 0 0 0 0 0 0 0 0 0 0 0 0 0 0 0 0 0
14972 14974 14975 14971 14970 14973 0 0 0 0 0 0 0 0 0 0 0 0 0 0 0 0 0 0
4342 4343 4344 7264 14974 14972 0 0 0 0 0 0 0 0 0 0 0 0 0 0 0 0 0 0
4340 4349 13185 13184 7264 4344 0 0 0 0 0 0 0 0 0 0 0 0 0 0 0 0 0 0
7274 7273 4350 4349 4340 0 0 0 0 0 0 0 0 0 0 0 0 0 0 0 0 0 0 0
4348 10435 10436 15217 15218 4351 0 0 0 0 0 0 0 0 0 0 0 0 0 0 0 0 0 0
7285 7282 10434 10435 4348 7270 0 0 0 0 0 0 0 0 0 0 0 0 0 0 0 0 0 0
7284 4359 4360 10432 10434 7282 0 0 0 0 0 0 0 0 0 0 0 0 0 0 0 0 0 0
5415 5414 4357 4359 7284 7283 0 0 0 0 0 0 0 0 0 0 0 0 0 0 0 0 0 0
5414 5413 8277 8276 4358 4357 0 0 0 0 0 0 0 0 0 0 0 0 0 0 0 0 0 0
8273 8270 5419 8278 8277 5413 0 0 0 0 0 0 0 0 0 0 0 0 0 0 0 0 0 0
5419 11216 11218 5420 8275 8278 0 0 0 0 0 0 0 0 0 0 0 0 0 0 0 0 0 0
11219 11221 11220 11218 11216 11217 0 0 0 0 0 0 0 0 0 0 0 0 0 0 0 0 0 0
8052 8051 2761 2762 11220 11221 0 0 0 0 0 0 0 0 0 0 0 0 0 0 0 0 0 0
8050 8055 8054 8049 8051 8052 0 0 0 0 0 0 0 0 0 0 0 0 0 0 0 0 0 0
8053 5245 5244 2675 8049 8054 0 0 0 0 0 0 0 0 0 0 0 0 0 0 0 0 0 0
13636 4719 5246 5245 8053 13635 0 0 0 0 0 0 0 0 0 0 0 0 0 0 0 0 0 0
4719 10647 10645 7498 5248 5246 0 0 0 0 0 0 0 0 0 0 0 0 0 0 0 0 0 0
10646 10644 10643 10642 10645 10647 0 0 0 0 0 0 0 0 0 0 0 0 0 0 0 0 0 0
13317 15303 15302 10638 7500 10642 10643 0 0 0 0 0 0 0 0 0 0 0 0 0 0 0 0 0
13315 13316 15305 15303 13317 13318 0 0 0 0 0 0 0 0 0 0 0 0 0 0 0 0 0 0
7503 7502 7501 13316 13315 10648 0 0 0 0 0 0 0 0 0 0 0 0 0 0 0 0 0 0
13277 13278 4687 7502 7503 4718 0 0 0 0 0 0 0 0 0 0 0 0 0 0 0 0 0 0
13278 13290 13287 7475 4686 4687 0 0 0 0 0 0 0 0 0 0 0 0 0 0 0 0 0 0
13291 13289 13288 13286 13287 13290 0 0 0 0 0 0 0 0 0 0 0 0 0 0 0 0 0 0
13288 10613 10612 10611 10614 13286 0 0 0 0 0 0 0 0 0 0 0 0 0 0 0 0 0 0
7469 4676 10622 10621 10612 10613 0 0 0 0 0 0 0 0 0 0 0 0 0 0 0 0 0 0
10622 10620 10624 13300 13299 10621 0 0 0 0 0 0 0 0 0 0 0 0 0 0 0 0 0 0
7471 10538 13240 13242 10624 10620 7472 0 0 0 0 0 0 0 0 0 0 0 0 0 0 0 0 0
13243 13244 15301 15300 13241 13242 13240 0 0 0 0 0 0 0 0 0 0 0 0 0 0 0 0 0
10571 10569 10561 10562 13244 13243 0 0 0 0 0 0 0 0 0 0 0 0 0 0 0 0 0 0
10561 10582 10583 10559 10560 10562 0 0 0 0 0 0 0 0 0 0 0 0 0 0 0 0 0 0
10581 10586 10585 10584 10583 10582 0 0 0 0 0 0 0 0 0 0 0 0 0 0 0 0 0 0
10545 10544 10555 10554 10584 10585 0 0 0 0 0 0 0 0 0 0 0 0 0 0 0 0 0 0
10591 10542 10543 10544 10545 13270 13271 0 0 0 0 0 0 0 0 0 0 0 0 0 0 0 0 0
10549 13257 13258 7434 10543 10542 0 0 0 0 0 0 0 0 0 0 0 0 0 0 0 0 0 0
10546 10547 13260 13257 10549 10548 0 0 0 0 0 0 0 0 0 0 0 0 0 0 0 0 0 0
10704 13348 13347 10707 13261 13260 10547 0 0 0 0 0 0 0 0 0 0 0 0 0 0 0 0 0
13348 13349 13365 13364 13347 0 0 0 0 0 0 0 0 0 0 0 0 0 0 0 0 0 0 0
13365 13360 13361 13362 13363 13364 0 0 0 0 0 0 0 0 0 0 0 0 0 0 0 0 0 0
7577 7576 10709 13361 13360 7575 0 0 0 0 0 0 0 0 0 0 0 0 0 0 0 0 0 0
7576 2409 963 360 939 10708 10709 0 0 0 0 0 0 0 0 0 0 0 0 0 0 0 0 0
2293 2294 360 963 0 0 0 0 0 0 0 0 0 0 0 0 0 0 0 0 0 0 0 0
4772 4774 4743 2292 2295 2294 2293 0 0 0 0 0 0 0 0 0 0 0 0 0 0 0 0 0
7523 7524 4742 4743 4774 4773 0 0 0 0 0 0 0 0 0 0 0 0 0 0 0 0 0 0
7522 2291 2290 2289 4742 7524 0 0 0 0 0 0 0 0 0 0 0 0 0 0 0 0 0 0
7521 964 2460 2461 2291 7522 0 0 0 0 0 0 0 0 0 0 0 0 0 0 0 0 0 0
2460 2458 15396 15399 2459 2461 0 0 0 0 0 0 0 0 0 0 0 0 0 0 0 0 0 0
2457 7750 7751 13452 15397 15396 2458 0 0 0 0 0 0 0 0 0 0 0 0 0 0 0 0 0
13452 13450 13451 15400 15397 0 0 0 0 0 0 0 0 0 0 0 0 0 0 0 0 0 0 0
4960 4970 4969 7716 7718 4959 0 0 0 0 0 0 0 0 0 0 0 0 0 0 0 0 0 0
4968 7613 7615 4969 4970 0 0 0 0 0 0 0 0 0 0 0 0 0 0 0 0 0 0 0
4999 2453 7612 7613 4968 5004 0 0 0 0 0 0 0 0 0 0 0 0 0 0 0 0 0 0
10349 10350 10413 10414 13113 13112 0 0 0 0 0 0 0 0 0 0 0 0 0 0 0 0 0 0
13106 13105 11186 10350 10349 0 0 0 0 0 0 0 0 0 0 0 0 0 0 0 0 0 0 0
11185 11184 11180 8207 8206 0 0 0 0 0 0 0 0 0 0 0 0 0 0 0 0 0 0 0
11181 13788 13791 11180 11184 11183 0 0 0 0 0 0 0 0 0 0 0 0 0 0 0 0 0 0
13789 13792 13794 13793 13790 13791 13788 0 0 0 0 0 0 0 0 0 0 0 0 0 0 0 0 0
18202 18203 9939 13792 13789 12776 0 0 0 0 0 0 0 0 0 0 0 0 0 0 0 0 0 0
18204 9953 9954 9937 9939 18203 0 0 0 0 0 0 0 0 0 0 0 0 0 0 0 0 0 0
17977 17422 9952 9955 9953 18204 18205 0 0 0 0 0 0 0 0 0 0 0 0 0 0 0 0 0
9952 12783 12785 12781 9956 9955 0 0 0 0 0 0 0 0 0 0 0 0 0 0 0 0 0 0
14955 16463 16464 14967 12784 12785 12783 14954 0 0 0 0 0 0 0 0 0 0 0 0 0 0 0 0
14967 14968 12786 14965 14966 12784 0 0 0 0 0 0 0 0 0 0 0 0 0 0 0 0 0 0
14970 14971 12790 12786 14968 14969 0 0 0 0 0 0 0 0 0 0 0 0 0 0 0 0 0 0
14971 14975 12787 12788 12789 12790 0 0 0 0 0 0 0 0 0 0 0 0 0 0 0 0 0 0
7264 13184 13182 12787 14975 14974 0 0 0 0 0 0 0 0 0 0 0 0 0 0 0 0 0 0
13184 13185 15214 15213 13183 13182 0 0 0 0 0 0 0 0 0 0 0 0 0 0 0 0 0 0
4349 4350 4351 15218 15214 13185 0 0 0 0 0 0 0 0 0 0 0 0 0 0 0 0 0 0
15217 10436 10437 7279 15216 0 0 0 0 0 0 0 0 0 0 0 0 0 0 0 0 0 0 0
10435 10434 10432 10433 10437 10436 0 0 0 0 0 0 0 0 0 0 0 0 0 0 0 0 0 0
4360 4364 4362 7280 10433 10432 0 0 0 0 0 0 0 0 0 0 0 0 0 0 0 0 0 0
4359 4357 4358 4363 4364 4360 0 0 0 0 0 0 0 0 0 0 0 0 0 0 0 0 0 0
8276 10441 10438 7287 4363 4358 0 0 0 0 0 0 0 0 0 0 0 0 0 0 0 0 0 0
8278 8275 10443 10441 8276 8277 0 0 0 0 0 0 0 0 0 0 0 0 0 0 0 0 0 0
5420 4338 4339 10442 10443 8275 0 0 0 0 0 0 0 0 0 0 0 0 0 0 0 0 0 0
11218 11220 2762 947 4338 5420 0 0 0 0 0 0 0 0 0 0 0 0 0 0 0 0 0 0
2762 2761 2678 5251 5252 947 0 0 0 0 0 0 0 0 0 0 0 0 0 0 0 0 0 0
8051 8049 2675 2679 2678 2761 0 0 0 0 0 0 0 0 0 0 0 0 0 0 0 0 0 0
5244 5243 1150 2677 2679 2675 0 0 0 0 0 0 0 0 0 0 0 0 0 0 0 0 0 0
5245 5246 5248 5247 5243 5244 0 0 0 0 0 0 0 0 0 0 0 0 0 0 0 0 0 0
7498 7497 5224 5222 5247 5248 0 0 0 0 0 0 0 0 0 0 0 0 0 0 0 0 0 0
10645 10642 7500 7499 7497 7498 0 0 0 0 0 0 0 0 0 0 0 0 0 0 0 0 0 0
10638 10635 10630 10629 7499 7500 0 0 0 0 0 0 0 0 0 0 0 0 0 0 0 0 0 0
15303 15305 15304 15302 0 0 0 0 0 0 0 0 0 0 0 0 0 0 0 0 0 0 0 0
7501 4712 4715 10637 15304 15305 13316 0 0 0 0 0 0 0 0 0 0 0 0 0 0 0 0 0
7502 4687 4686 4713 4712 7501 0 0 0 0 0 0 0 0 0 0 0 0 0 0 0 0 0 0
7475 7473 4682 4716 4713 4686 0 0 0 0 0 0 0 0 0 0 0 0 0 0 0 0 0 0
13286 10614 7474 7473 7475 13287 0 0 0 0 0 0 0 0 0 0 0 0 0 0 0 0 0 0
10611 4677 4681 4685 7474 10614 0 0 0 0 0 0 0 0 0 0 0 0 0 0 0 0 0 0
10621 13299 13301 4677 10611 10612 0 0 0 0 0 0 0 0 0 0 0 0 0 0 0 0 0 0
13300 13303 13304 13302 13301 13299 0 0 0 0 0 0 0 0 0 0 0 0 0 0 0 0 0 0
13242 13241 10623 13303 13300 10624 0 0 0 0 0 0 0 0 0 0 0 0 0 0 0 0 0 0
13241 15300 15299 13269 10623 0 0 0 0 0 0 0 0 0 0 0 0 0 0 0 0 0 0 0
10562 10560 7470 15298 15301 13244 0 0 0 0 0 0 0 0 0 0 0 0 0 0 0 0 0 0
10560 10559 10565 10566 7470 0 0 0 0 0 0 0 0 0 0 0 0 0 0 0 0 0 0 0
10584 10554 10564 10565 10559 10583 0 0 0 0 0 0 0 0 0 0 0 0 0 0 0 0 0 0
10555 10556 10558 10557 10563 10564 10554 0 0 0 0 0 0 0 0 0 0 0 0 0 0 0 0 0
10544 10543 7434 7435 10556 10555 0 0 0 0 0 0 0 0 0 0 0 0 0 0 0 0 0 0
7434 13258 13259 10551 10550 7435 0 0 0 0 0 0 0 0 0 0 0 0 0 0 0 0 0 0
13260 13261 15344 15343 13259 13258 13257 0 0 0 0 0 0 0 0 0 0 0 0 0 0 0 0 0
10707 13354 15339 15344 13261 0 0 0 0 0 0 0 0 0 0 0 0 0 0 0 0 0 0 0
13347 13364 13363 13358 13354 10707 0 0 0 0 0 0 0 0 0 0 0 0 0 0 0 0 0 0
13363 13362 13359 15346 15350 13358 0 0 0 0 0 0 0 0 0 0 0 0 0 0 0 0 0 0
10709 10708 13356 13359 13362 13361 0 0 0 0 0 0 0 0 0 0 0 0 0 0 0 0 0 0
939 3605 4864 13355 13356 10708 0 0 0 0 0 0 0 0 0 0 0 0 0 0 0 0 0 0
360 2294 2295 3607 3605 939 0 0 0 0 0 0 0 0 0 0 0 0 0 0 0 0 0 0
2292 1623 1622 3608 3607 2295 0 0 0 0 0 0 0 0 0 0 0 0 0 0 0 0 0 0
4743 4742 2289 232 1623 2292 0 0 0 0 0 0 0 0 0 0 0 0 0 0 0 0 0 0
2290 230 231 233 232 2289 0 0 0 0 0 0 0 0 0 0 0 0 0 0 0 0 0 0
2461 2459 1041 230 2290 2291 0 0 0 0 0 0 0 0 0 0 0 0 0 0 0 0 0 0
2459 15399 15398 4941 4942 1041 0 0 0 0 0 0 0 0 0 0 0 0 0 0 0 0 0 0
15397 15400 15402 15401 15398 15399 15396 0 0 0 0 0 0 0 0 0 0 0 0 0 0 0 0 0
13451 10816 10817 15402 15400 0 0 0 0 0 0 0 0 0 0 0 0 0 0 0 0 0 0 0
7718 7716 7717 10816 13451 13450 0 0 0 0 0 0 0 0 0 0 0 0 0 0 0 0 0 0
4969 7615 7614 4905 4946 7717 7716 0 0 0 0 0 0 0 0 0 0 0 0 0 0 0 0 0
7612 7610 7611 7614 7615 7613 0 0 0 0 0 0 0 0 0 0 0 0 0 0 0 0 0 0
10414 10413 10412 10411 10415 10416 0 0 0 0 0 0 0 0 0 0 0 0 0 0 0 0 0 0
10350 11186 11185 8206 7248 10412 10413 0 0 0 0 0 0 0 0 0 0 0 0 0 0 0 0 0
8206 8207 11187 13795 13798 7248 0 0 0 0 0 0 0 0 0 0 0 0 0 0 0 0 0 0
13791 13790 11188 11187 8207 11180 0 0 0 0 0 0 0 0 0 0 0 0 0 0 0 0 0 0
13793 13805 13802 11188 13790 0 0 0 0 0 0 0 0 0 0 0 0 0 0 0 0 0 0 0
9939 9937 9938 13794 13792 0 0 0 0 0 0 0 0 0 0 0 0 0 0 0 0 0 0 0
9937 9954 9957 9947 9948 9938 0 0 0 0 0 0 0 0 0 0 0 0 0 0 0 0 0 0
9953 9955 9956 9958 9957 9954 0 0 0 0 0 0 0 0 0 0 0 0 0 0 0 0 0 0
12781 12782 9950 6817 9958 9956 0 0 0 0 0 0 0 0 0 0 0 0 0 0 0 0 0 0
12784 14966 16457 16456 12782 12781 12785 0 0 0 0 0 0 0 0 0 0 0 0 0 0 0 0 0
14965 14964 16462 16457 14966 0 0 0 0 0 0 0 0 0 0 0 0 0 0 0 0 0 0 0
12790 12789 10429 14964 14965 12786 0 0 0 0 0 0 0 0 0 0 0 0 0 0 0 0 0 0
12788 10426 18028 18029 13187 10429 12789 0 0 0 0 0 0 0 0 0 0 0 0 0 0 0 0 0
12787 13182 13183 10427 10426 12788 0 0 0 0 0 0 0 0 0 0 0 0 0 0 0 0 0 0
15213 15212 10425 10428 10427 13183 0 0 0 0 0 0 0 0 0 0 0 0 0 0 0 0 0 0
15214 15218 15217 15216 15215 15212 15213 0 0 0 0 0 0 0 0 0 0 0 0 0 0 0 0 0
15216 7279 7277 2055 7252 15215 0 0 0 0 0 0 0 0 0 0 0 0 0 0 0 0 0 0
10437 10433 7280 7278 7277 7279 0 0 0 0 0 0 0 0 0 0 0 0 0 0 0 0 0 0
7280 4362 4361 4355 4356 7278 0 0 0 0 0 0 0 0 0 0 0 0 0 0 0 0 0 0
4363 7287 7290 4361 4362 4364 0 0 0 0 0 0 0 0 0 0 0 0 0 0 0 0 0 0
10438 10439 7288 7289 7290 7287 0 0 0 0 0 0 0 0 0 0 0 0 0 0 0 0 0 0
10441 10443 10442 10440 10439 10438 0 0 0 0 0 0 0 0 0 0 0 0 0 0 0 0 0 0
10442 4339 2058 2057 7255 10440 0 0 0 0 0 0 0 0 0 0 0 0 0 0 0 0 0 0
947 5252 5254 2058 4339 4338 0 0 0 0 0 0 0 0 0 0 0 0 0 0 0 0 0 0
5251 5250 5249 5253 5254 5252 0 0 0 0 0 0 0 0 0 0 0 0 0 0 0 0 0 0
2679 2677 2676 5250 5251 2678 0 0 0 0 0 0 0 0 0 0 0 0 0 0 0 0 0 0
2677 1150 7986 7988 5221 2676 0 0 0 0 0 0 0 0 0 0 0 0 0 0 0 0 0 0
5247 5222 7987 7986 1150 5243 0 0 0 0 0 0 0 0 0 0 0 0 0 0 0 0 0 0
5222 5224 5223 5229 7990 7992 7987 0 0 0 0 0 0 0 0 0 0 0 0 0 0 0 0 0
7499 10629 10628 5223 5224 7497 0 0 0 0 0 0 0 0 0 0 0 0 0 0 0 0 0 0
10629 10630 10631 10633 10634 10632 10628 0 0 0 0 0 0 0 0 0 0 0 0 0 0 0 0 0
15302 15304 10637 10636 10635 10638 0 0 0 0 0 0 0 0 0 0 0 0 0 0 0 0 0 0
4715 4714 946 948 10636 10637 0 0 0 0 0 0 0 0 0 0 0 0 0 0 0 0 0 0
4713 4716 4717 4714 4715 4712 0 0 0 0 0 0 0 0 0 0 0 0 0 0 0 0 0 0
4716 4682 4683 955 956 4717 0 0 0 0 0 0 0 0 0 0 0 0 0 0 0 0 0 0
7474 4685 4684 4683 4682 7473 0 0 0 0 0 0 0 0 0 0 0 0 0 0 0 0 0 0
4681 4680 4679 4678 4684 4685 0 0 0 0 0 0 0 0 0 0 0 0 0 0 0 0 0 0
13301 13302 13292 10617 4680 4681 4677 0 0 0 0 0 0 0 0 0 0 0 0 0 0 0 0 0
13302 13304 13295 13296 13292 0 0 0 0 0 0 0 0 0 0 0 0 0 0 0 0 0 0 0
13303 10623 13269 13293 13295 13304 0 0 0 0 0 0 0 0 0 0 0 0 0 0 0 0 0 0
15299 16644 16641 13294 13293 13269 0 0 0 0 0 0 0 0 0 0 0 0 0 0 0 0 0 0
15301 15298 16643 16644 15299 15300 0 0 0 0 0 0 0 0 0 0 0 0 0 0 0 0 0 0
10566 10568 16639 16642 16643 15298 7470 0 0 0 0 0 0 0 0 0 0 0 0 0 0 0 0 0
10565 10564 10563 10567 10568 10566 0 0 0 0 0 0 0 0 0 0 0 0 0 0 0 0 0 0
10563 10557 15296 15295 10567 0 0 0 0 0 0 0 0 0 0 0 0 0 0 0 0 0 0 0
7435 10550 10553 10558 10556 0 0 0 0 0 0 0 0 0 0 0 0 0 0 0 0 0 0 0
10551 13351 13353 10552 10553 10550 0 0 0 0 0 0 0 0 0 0 0 0 0 0 0 0 0 0
13259 15343 15342 13351 10551 0 0 0 0 0 0 0 0 0 0 0 0 0 0 0 0 0 0 0
15344 15339 15338 15340 15341 15342 15343 0 0 0 0 0 0 0 0 0 0 0 0 0 0 0 0 0
13354 13358 15350 15349 15338 15339 0 0 0 0 0 0 0 0 0 0 0 0 0 0 0 0 0 0
15350 15346 15345 15347 15348 15349 0 0 0 0 0 0 0 0 0 0 0 0 0 0 0 0 0 0
13356 13355 13357 15345 15346 13359 0 0 0 0 0 0 0 0 0 0 0 0 0 0 0 0 0 0
13355 4864 4865 4862 4863 13357 0 0 0 0 0 0 0 0 0 0 0 0 0 0 0 0 0 0
3607 3608 3606 4865 4864 3605 0 0 0 0 0 0 0 0 0 0 0 0 0 0 0 0 0 0
3608 1622 632 633 1621 3606 0 0 0 0 0 0 0 0 0 0 0 0 0 0 0 0 0 0
1623 232 233 234 632 1622 0 0 0 0 0 0 0 0 0 0 0 0 0 0 0 0 0 0
231 2440 2442 1617 234 233 0 0 0 0 0 0 0 0 0 0 0 0 0 0 0 0 0 0
230 1041 4942 4943 2440 231 0 0 0 0 0 0 0 0 0 0 0 0 0 0 0 0 0 0
4941 10813 10814 4940 4943 4942 0 0 0 0 0 0 0 0 0 0 0 0 0 0 0 0 0 0
15398 15401 7719 10811 10813 4941 0 0 0 0 0 0 0 0 0 0 0 0 0 0 0 0 0 0
15402 10817 7720 7719 15401 0 0 0 0 0 0 0 0 0 0 0 0 0 0 0 0 0 0 0
7717 4946 7711 7709 7720 10817 10816 0 0 0 0 0 0 0 0 0 0 0 0 0 0 0 0 0
4905 4906 4903 7710 7711 4946 0 0 0 0 0 0 0 0 0 0 0 0 0 0 0 0 0 0
7611 7618 7617 4906 4905 7614 0 0 0 0 0 0 0 0 0 0 0 0 0 0 0 0 0 0
10415 10411 11166 13098 13097 10348 0 0 0 0 0 0 0 0 0 0 0 0 0 0 0 0 0 0
7248 13798 13799 11164 11166 10411 10412 0 0 0 0 0 0 0 0 0 0 0 0 0 0 0 0 0
13798 13795 13796 13797 13799 0 0 0 0 0 0 0 0 0 0 0 0 0 0 0 0 0 0 0
11187 11188 13802 13801 13796 13795 0 0 0 0 0 0 0 0 0 0 0 0 0 0 0 0 0 0
13802 13805 13804 13803 13800 13801 0 0 0 0 0 0 0 0 0 0 0 0 0 0 0 0 0 0
13794 9938 9948 9949 13804 13805 13793 0 0 0 0 0 0 0 0 0 0 0 0 0 0 0 0 0
9947 14958 14959 12777 9949 9948 0 0 0 0 0 0 0 0 0 0 0 0 0 0 0 0 0 0
9958 6817 14963 14958 9947 9957 0 0 0 0 0 0 0 0 0 0 0 0 0 0 0 0 0 0
9950 9951 6818 14962 14963 6817 0 0 0 0 0 0 0 0 0 0 0 0 0 0 0 0 0 0
12782 16456 16458 9951 9950 0 0 0 0 0 0 0 0 0 0 0 0 0 0 0 0 0 0 0
16457 16462 16461 16460 16459 16458 16456 0 0 0 0 0 0 0 0 0 0 0 0 0 0 0 0 0
14964 10429 13187 13186 16461 16462 0 0 0 0 0 0 0 0 0 0 0 0 0 0 0 0 0 0
18029 18026 15223 13186 13187 0 0 0 0 0 0 0 0 0 0 0 0 0 0 0 0 0 0 0
10427 10428 18030 18028 10426 0 0 0 0 0 0 0 0 0 0 0 0 0 0 0 0 0 0 0
10428 10425 10431 17521 18031 18030 0 0 0 0 0 0 0 0 0 0 0 0 0 0 0 0 0 0
15215 7252 10430 10431 10425 15212 0 0 0 0 0 0 0 0 0 0 0 0 0 0 0 0 0 0
2055 4334 13192 13190 10430 7252 0 0 0 0 0 0 0 0 0 0 0 0 0 0 0 0 0 0
7278 4356 4333 4334 2055 7277 0 0 0 0 0 0 0 0 0 0 0 0 0 0 0 0 0 0
4355 2056 4329 4336 4333 4356 0 0 0 0 0 0 0 0 0 0 0 0 0 0 0 0 0 0
4361 7290 7289 4337 2056 4355 0 0 0 0 0 0 0 0 0 0 0 0 0 0 0 0 0 0
7289 7288 7253 7261 7260 4337 0 0 0 0 0 0 0 0 0 0 0 0 0 0 0 0 0 0
10440 7255 7254 7253 7288 10439 0 0 0 0 0 0 0 0 0 0 0 0 0 0 0 0 0 0
2057 808 8028 8029 7254 7255 0 0 0 0 0 0 0 0 0 0 0 0 0 0 0 0 0 0
2058 5254 5253 807 808 2057 0 0 0 0 0 0 0 0 0 0 0 0 0 0 0 0 0 0
5253 5249 7983 7984 1151 807 0 0 0 0 0 0 0 0 0 0 0 0 0 0 0 0 0 0
5250 2676 5221 7979 7983 5249 0 0 0 0 0 0 0 0 0 0 0 0 0 0 0 0 0 0
5221 7988 7989 5227 7982 7979 0 0 0 0 0 0 0 0 0 0 0 0 0 0 0 0 0 0
7987 7992 7991 7985 7989 7988 7986 0 0 0 0 0 0 0 0 0 0 0 0 0 0 0 0 0
7990 7994 7993 7991 7992 0 0 0 0 0 0 0 0 0 0 0 0 0 0 0 0 0 0 0
5223 10628 10632 5229 0 0 0 0 0 0 0 0 0 0 0 0 0 0 0 0 0 0 0 0
10631 4722 4721 4720 10633 0 0 0 0 0 0 0 0 0 0 0 0 0 0 0 0 0 0 0
10636 948 2257 4722 10631 10630 10635 0 0 0 0 0 0 0 0 0 0 0 0 0 0 0 0 0
948 946 2258 2260 2256 2257 0 0 0 0 0 0 0 0 0 0 0 0 0 0 0 0 0 0
4714 4717 956 2259 2258 946 0 0 0 0 0 0 0 0 0 0 0 0 0 0 0 0 0 0
956 955 951 2272 2273 2259 0 0 0 0 0 0 0 0 0 0 0 0 0 0 0 0 0 0
4683 4684 4678 952 951 955 0 0 0 0 0 0 0 0 0 0 0 0 0 0 0 0 0 0
4678 4679 362 945 954 952 0 0 0 0 0 0 0 0 0 0 0 0 0 0 0 0 0 0
4680 10617 10616 362 4679 0 0 0 0 0 0 0 0 0 0 0 0 0 0 0 0 0 0 0
13292 13296 13298 10619 10618 10616 10617 0 0 0 0 0 0 0 0 0 0 0 0 0 0 0 0 0
13293 13294 13297 13298 13296 13295 0 0 0 0 0 0 0 0 0 0 0 0 0 0 0 0 0 0
13294 16641 17545 17544 13265 13297 0 0 0 0 0 0 0 0 0 0 0 0 0 0 0 0 0 0
16643 16642 17541 17545 16641 16644 0 0 0 0 0 0 0 0 0 0 0 0 0 0 0 0 0 0
16642 16639 16640 17540 17541 0 0 0 0 0 0 0 0 0 0 0 0 0 0 0 0 0 0 0
10567 15295 15294 15291 16640 16639 10568 0 0 0 0 0 0 0 0 0 0 0 0 0 0 0 0 0
15296 15297 15293 16636 16638 15294 15295 0 0 0 0 0 0 0 0 0 0 0 0 0 0 0 0 0
10558 10553 10552 13262 15297 15296 10557 0 0 0 0 0 0 0 0 0 0 0 0 0 0 0 0 0
10552 13353 13352 943 13263 13262 0 0 0 0 0 0 0 0 0 0 0 0 0 0 0 0 0 0
13351 15342 15341 13350 13352 13353 0 0 0 0 0 0 0 0 0 0 0 0 0 0 0 0 0 0
15340 10705 7430 7431 13350 15341 0 0 0 0 0 0 0 0 0 0 0 0 0 0 0 0 0 0
15338 15349 15348 10706 10705 15340 0 0 0 0 0 0 0 0 0 0 0 0 0 0 0 0 0 0
15347 4868 4869 4867 10706 15348 0 0 0 0 0 0 0 0 0 0 0 0 0 0 0 0 0 0
15345 13357 4863 2406 4868 15347 0 0 0 0 0 0 0 0 0 0 0 0 0 0 0 0 0 0
4862 1619 631 2234 2406 4863 0 0 0 0 0 0 0 0 0 0 0 0 0 0 0 0 0 0
4865 3606 1621 1620 1619 4862 0 0 0 0 0 0 0 0 0 0 0 0 0 0 0 0 0 0
1621 633 625 624 629 1620 0 0 0 0 0 0 0 0 0 0 0 0 0 0 0 0 0 0
234 1617 1618 625 633 632 0 0 0 0 0 0 0 0 0 0 0 0 0 0 0 0 0 0
2442 2441 1616 1615 1618 1617 0 0 0 0 0 0 0 0 0 0 0 0 0 0 0 0 0 0
4943 4940 2439 2441 2442 2440 0 0 0 0 0 0 0 0 0 0 0 0 0 0 0 0 0 0
10814 10815 7713 1040 2439 4940 0 0 0 0 0 0 0 0 0 0 0 0 0 0 0 0 0 0
10813 10811 10812 10815 10814 0 0 0 0 0 0 0 0 0 0 0 0 0 0 0 0 0 0 0
7720 7709 10808 10807 7715 10812 10811 7719 0 0 0 0 0 0 0 0 0 0 0 0 0 0 0 0
7711 7710 10810 10808 7709 0 0 0 0 0 0 0 0 0 0 0 0 0 0 0 0 0 0 0
4903 4904 2424 10809 10810 7710 0 0 0 0 0 0 0 0 0 0 0 0 0 0 0 0 0 0
4906 7617 7616 4902 4904 4903 0 0 0 0 0 0 0 0 0 0 0 0 0 0 0 0 0 0
13098 13096 15538 15537 13737 13097 0 0 0 0 0 0 0 0 0 0 0 0 0 0 0 0 0 0
11166 11164 11165 13096 13098 0 0 0 0 0 0 0 0 0 0 0 0 0 0 0 0 0 0 0
13799 13797 8209 11167 11168 11165 11164 0 0 0 0 0 0 0 0 0 0 0 0 0 0 0 0 0
13796 13801 13800 8208 8209 13797 0 0 0 0 0 0 0 0 0 0 0 0 0 0 0 0 0 0
13800 13803 5354 13154 13155 8208 0 0 0 0 0 0 0 0 0 0 0 0 0 0 0 0 0 0
9949 12777 12779 5354 13803 13804 0 0 0 0 0 0 0 0 0 0 0 0 0 0 0 0 0 0
12777 14959 14960 12780 12778 12779 0 0 0 0 0 0 0 0 0 0 0 0 0 0 0 0 0 0
14958 14963 14962 14961 14960 14959 0 0 0 0 0 0 0 0 0 0 0 0 0 0 0 0 0 0
6818 13777 13778 11179 14961 14962 0 0 0 0 0 0 0 0 0 0 0 0 0 0 0 0 0 0
16458 16459 9959 13776 13777 6818 9951 0 0 0 0 0 0 0 0 0 0 0 0 0 0 0 0 0
16460 16582 16583 9959 16459 0 0 0 0 0 0 0 0 0 0 0 0 0 0 0 0 0 0 0
13186 15223 16581 16582 16460 16461 0 0 0 0 0 0 0 0 0 0 0 0 0 0 0 0 0 0
15223 18026 18027 17527 16579 16581 0 0 0 0 0 0 0 0 0 0 0 0 0 0 0 0 0 0
18028 18030 18031 18025 18027 18026 18029 0 0 0 0 0 0 0 0 0 0 0 0 0 0 0 0 0
18031 17521 17522 17523 17526 18025 0 0 0 0 0 0 0 0 0 0 0 0 0 0 0 0 0 0
10430 13190 17518 17522 17521 10431 0 0 0 0 0 0 0 0 0 0 0 0 0 0 0 0 0 0
13190 13192 13191 15235 17519 17518 0 0 0 0 0 0 0 0 0 0 0 0 0 0 0 0 0 0
4334 4333 4336 4335 13191 13192 0 0 0 0 0 0 0 0 0 0 0 0 0 0 0 0 0 0
4329 4330 4331 4332 4335 4336 0 0 0 0 0 0 0 0 0 0 0 0 0 0 0 0 0 0
4337 7260 7262 4330 4329 2056 0 0 0 0 0 0 0 0 0 0 0 0 0 0 0 0 0 0
7261 13602 13603 7263 7262 7260 0 0 0 0 0 0 0 0 0 0 0 0 0 0 0 0 0 0
7253 7254 8029 13601 13602 7261 0 0 0 0 0 0 0 0 0 0 0 0 0 0 0 0 0 0
8028 15444 15445 13599 13601 8029 0 0 0 0 0 0 0 0 0 0 0 0 0 0 0 0 0 0
807 1151 8005 15442 15444 8028 808 0 0 0 0 0 0 0 0 0 0 0 0 0 0 0 0 0
7984 7980 8004 8005 1151 0 0 0 0 0 0 0 0 0 0 0 0 0 0 0 0 0 0 0
7979 7982 7981 7980 7984 7983 0 0 0 0 0 0 0 0 0 0 0 0 0 0 0 0 0 0
5227 5225 8002 8001 7981 7982 0 0 0 0 0 0 0 0 0 0 0 0 0 0 0 0 0 0
7989 7985 5226 5225 5227 0 0 0 0 0 0 0 0 0 0 0 0 0 0 0 0 0 0 0
7991 7993 5220 2672 5226 7985 0 0 0 0 0 0 0 0 0 0 0 0 0 0 0 0 0 0
10632 10634 5228 7994 7990 5229 0 0 0 0 0 0 0 0 0 0 0 0 0 0 0 0 0 0
10634 10633 4720 7973 7974 5228 0 0 0 0 0 0 0 0 0 0 0 0 0 0 0 0 0 0
2257 2256 2254 2255 4721 4722 0 0 0 0 0 0 0 0 0 0 0 0 0 0 0 0 0 0
2260 2261 957 2254 2256 0 0 0 0 0 0 0 0 0 0 0 0 0 0 0 0 0 0 0
2259 2273 2270 2261 2260 2258 0 0 0 0 0 0 0 0 0 0 0 0 0 0 0 0 0 0
2272 2271 2268 2269 2270 2273 0 0 0 0 0 0 0 0 0 0 0 0 0 0 0 0 0 0
952 954 953 2271 2272 951 0 0 0 0 0 0 0 0 0 0 0 0 0 0 0 0 0 0
954 945 1359 1360 944 953 0 0 0 0 0 0 0 0 0 0 0 0 0 0 0 0 0 0
10616 10618 4695 1359 945 362 0 0 0 0 0 0 0 0 0 0 0 0 0 0 0 0 0 0
10619 4693 4694 4696 4695 10618 0 0 0 0 0 0 0 0 0 0 0 0 0 0 0 0 0 0
13297 13265 13266 4693 10619 13298 0 0 0 0 0 0 0 0 0 0 0 0 0 0 0 0 0 0
17544 17543 13268 13267 13266 13265 0 0 0 0 0 0 0 0 0 0 0 0 0 0 0 0 0 0
17545 17541 17540 17542 17543 17544 0 0 0 0 0 0 0 0 0 0 0 0 0 0 0 0 0 0
16640 15291 15290 15289 15292 17542 17540 0 0 0 0 0 0 0 0 0 0 0 0 0 0 0 0 0
15294 16638 16637 15290 15291 0 0 0 0 0 0 0 0 0 0 0 0 0 0 0 0 0 0 0
16636 16635 16634 16633 16637 16638 0 0 0 0 0 0 0 0 0 0 0 0 0 0 0 0 0 0
13262 13263 13264 15293 15297 0 0 0 0 0 0 0 0 0 0 0 0 0 0 0 0 0 0 0
943 4633 4631 4638 7436 13264 13263 0 0 0 0 0 0 0 0 0 0 0 0 0 0 0 0 0
13350 7431 7432 4633 943 13352 0 0 0 0 0 0 0 0 0 0 0 0 0 0 0 0 0 0
7431 7430 7428 7429 7433 7432 0 0 0 0 0 0 0 0 0 0 0 0 0 0 0 0 0 0
10706 4867 4642 7428 7430 10705 0 0 0 0 0 0 0 0 0 0 0 0 0 0 0 0 0 0
4867 4869 4645 4644 4643 4642 0 0 0 0 0 0 0 0 0 0 0 0 0 0 0 0 0 0
4868 2406 2234 2235 4645 4869 0 0 0 0 0 0 0 0 0 0 0 0 0 0 0 0 0 0
2234 631 630 12464 12461 2235 0 0 0 0 0 0 0 0 0 0 0 0 0 0 0 0 0 0
1620 629 628 630 631 1619 0 0 0 0 0 0 0 0 0 0 0 0 0 0 0 0 0 0
624 6155 6156 6347 6346 628 629 0 0 0 0 0 0 0 0 0 0 0 0 0 0 0 0 0
1618 1615 6154 6155 624 625 0 0 0 0 0 0 0 0 0 0 0 0 0 0 0 0 0 0
1615 1616 1039 3405 6152 6154 0 0 0 0 0 0 0 0 0 0 0 0 0 0 0 0 0 0
2439 1040 1038 1039 1616 2441 0 0 0 0 0 0 0 0 0 0 0 0 0 0 0 0 0 0
7713 7714 2437 1037 1038 1040 0 0 0 0 0 0 0 0 0 0 0 0 0 0 0 0 0 0
10815 10812 7715 7712 7714 7713 0 0 0 0 0 0 0 0 0 0 0 0 0 0 0 0 0 0
10807 10805 4944 4945 7712 7715 0 0 0 0 0 0 0 0 0 0 0 0 0 0 0 0 0 0
10808 10810 10809 10806 10805 10807 0 0 0 0 0 0 0 0 0 0 0 0 0 0 0 0 0 0
10809 2424 10765 10766 7634 10806 0 0 0 0 0 0 0 0 0 0 0 0 0 0 0 0 0 0
4902 7639 10763 10765 2424 4904 0 0 0 0 0 0 0 0 0 0 0 0 0 0 0 0 0 0
15537 15538 15541 15542 15539 15540 0 0 0 0 0 0 0 0 0 0 0 0 0 0 0 0 0 0
11165 11168 13761 15541 15538 13096 0 0 0 0 0 0 0 0 0 0 0 0 0 0 0 0 0 0
11167 13747 15552 15549 13761 11168 0 0 0 0 0 0 0 0 0 0 0 0 0 0 0 0 0 0
8208 13155 13749 13747 11167 8209 0 0 0 0 0 0 0 0 0 0 0 0 0 0 0 0 0 0
13154 13158 13159 13750 13749 13155 0 0 0 0 0 0 0 0 0 0 0 0 0 0 0 0 0 0
5354 12779 12778 13156 13158 13154 0 0 0 0 0 0 0 0 0 0 0 0 0 0 0 0 0 0
12778 12780 8203 13157 13156 0 0 0 0 0 0 0 0 0 0 0 0 0 0 0 0 0 0 0
14961 11179 13787 13786 8204 8203 12780 14960 0 0 0 0 0 0 0 0 0 0 0 0 0 0 0 0
13778 13782 13784 13787 11179 0 0 0 0 0 0 0 0 0 0 0 0 0 0 0 0 0 0 0
13777 13776 13781 13782 13778 0 0 0 0 0 0 0 0 0 0 0 0 0 0 0 0 0 0 0
9959 16583 16584 15226 13780 13781 13776 0 0 0 0 0 0 0 0 0 0 0 0 0 0 0 0 0
16581 16579 16580 16584 16583 16582 0 0 0 0 0 0 0 0 0 0 0 0 0 0 0 0 0 0
17527 17524 16585 16586 15225 16580 16579 0 0 0 0 0 0 0 0 0 0 0 0 0 0 0 0 0
18025 17526 17525 17524 17527 18027 0 0 0 0 0 0 0 0 0 0 0 0 0 0 0 0 0 0
17523 17517 16590 16591 17525 17526 0 0 0 0 0 0 0 0 0 0 0 0 0 0 0 0 0 0
17518 17519 17520 17517 17523 17522 0 0 0 0 0 0 0 0 0 0 0 0 0 0 0 0 0 0
15235 15234 15241 15238 17520 17519 0 0 0 0 0 0 0 0 0 0 0 0 0 0 0 0 0 0
4335 4332 7241 15234 15235 13191 0 0 0 0 0 0 0 0 0 0 0 0 0 0 0 0 0 0
4332 4331 7259 7258 7242 7241 0 0 0 0 0 0 0 0 0 0 0 0 0 0 0 0 0 0
4330 7262 7263 7256 7259 4331 0 0 0 0 0 0 0 0 0 0 0 0 0 0 0 0 0 0
7263 13603 13604 10996 10993 7256 0 0 0 0 0 0 0 0 0 0 0 0 0 0 0 0 0 0
13601 13599 13600 13604 13603 13602 0 0 0 0 0 0 0 0 0 0 0 0 0 0 0 0 0 0
13599 15445 15446 13575 11000 13600 0 0 0 0 0 0 0 0 0 0 0 0 0 0 0 0 0 0
15444 15442 15443 15446 15445 0 0 0 0 0 0 0 0 0 0 0 0 0 0 0 0 0 0 0
8005 8004 16690 16688 15451 15443 15442 0 0 0 0 0 0 0 0 0 0 0 0 0 0 0 0 0
7980 7981 8001 16692 16690 8004 0 0 0 0 0 0 0 0 0 0 0 0 0 0 0 0 0 0
8001 8002 8003 16693 16692 0 0 0 0 0 0 0 0 0 0 0 0 0 0 0 0 0 0 0
5226 2672 5219 7999 8000 8003 8002 5225 0 0 0 0 0 0 0 0 0 0 0 0 0 0 0 0
5220 10949 10948 5219 2672 0 0 0 0 0 0 0 0 0 0 0 0 0 0 0 0 0 0 0
5228 7974 10952 10949 5220 7993 7994 0 0 0 0 0 0 0 0 0 0 0 0 0 0 0 0 0
7973 10958 10954 10951 10952 7974 0 0 0 0 0 0 0 0 0 0 0 0 0 0 0 0 0 0
4721 2255 10957 10958 7973 4720 0 0 0 0 0 0 0 0 0 0 0 0 0 0 0 0 0 0
2254 957 4728 4727 10955 10957 2255 0 0 0 0 0 0 0 0 0 0 0 0 0 0 0 0 0
2261 2270 2269 4725 4728 957 0 0 0 0 0 0 0 0 0 0 0 0 0 0 0 0 0 0
2268 959 960 4723 4725 2269 0 0 0 0 0 0 0 0 0 0 0 0 0 0 0 0 0 0
2271 953 944 361 959 2268 0 0 0 0 0 0 0 0 0 0 0 0 0 0 0 0 0 0
944 1360 1358 3183 3182 361 0 0 0 0 0 0 0 0 0 0 0 0 0 0 0 0 0 0
1359 4695 4696 2248 1358 1360 0 0 0 0 0 0 0 0 0 0 0 0 0 0 0 0 0 0
4696 4694 4688 4692 4690 2248 0 0 0 0 0 0 0 0 0 0 0 0 0 0 0 0 0 0
13266 13267 4689 4688 4694 4693 0 0 0 0 0 0 0 0 0 0 0 0 0 0 0 0 0 0
13268 4711 7489 7490 4689 13267 0 0 0 0 0 0 0 0 0 0 0 0 0 0 0 0 0 0
17542 15292 7492 7493 4711 13268 17543 0 0 0 0 0 0 0 0 0 0 0 0 0 0 0 0 0
15292 15289 15287 7494 7492 0 0 0 0 0 0 0 0 0 0 0 0 0 0 0 0 0 0 0
15290 16637 16633 15288 15287 15289 0 0 0 0 0 0 0 0 0 0 0 0 0 0 0 0 0 0
16634 4639 4700 4697 15288 16633 0 0 0 0 0 0 0 0 0 0 0 0 0 0 0 0 0 0
15293 13264 7436 16635 16636 0 0 0 0 0 0 0 0 0 0 0 0 0 0 0 0 0 0 0
4638 4631 4632 4634 4641 0 0 0 0 0 0 0 0 0 0 0 0 0 0 0 0 0 0 0
7432 7433 4630 4632 4631 4633 0 0 0 0 0 0 0 0 0 0 0 0 0 0 0 0 0 0
7433 7429 4628 2232 2233 4630 0 0 0 0 0 0 0 0 0 0 0 0 0 0 0 0 0 0
7428 4642 4643 4629 4628 7429 0 0 0 0 0 0 0 0 0 0 0 0 0 0 0 0 0 0
4643 4644 12458 12459 1611 4629 0 0 0 0 0 0 0 0 0 0 0 0 0 0 0 0 0 0
2235 12461 12462 12458 4644 4645 0 0 0 0 0 0 0 0 0 0 0 0 0 0 0 0 0 0
12461 12464 12465 12460 12463 12462 0 0 0 0 0 0 0 0 0 0 0 0 0 0 0 0 0 0
630 628 6346 12465 12464 0 0 0 0 0 0 0 0 0 0 0 0 0 0 0 0 0 0 0
6156 6157 626 6344 6347 0 0 0 0 0 0 0 0 0 0 0 0 0 0 0 0 0 0 0
6154 6152 6153 6157 6156 6155 0 0 0 0 0 0 0 0 0 0 0 0 0 0 0 0 0 0
3405 3404 3403 3406 6153 6152 0 0 0 0 0 0 0 0 0 0 0 0 0 0 0 0 0 0
1039 1038 1037 1036 3404 3405 0 0 0 0 0 0 0 0 0 0 0 0 0 0 0 0 0 0
1037 2437 2438 1043 370 1036 0 0 0 0 0 0 0 0 0 0 0 0 0 0 0 0 0 0
7714 7712 4945 2436 2438 2437 0 0 0 0 0 0 0 0 0 0 0 0 0 0 0 0 0 0
4945 4944 2444 2443 1042 2436 0 0 0 0 0 0 0 0 0 0 0 0 0 0 0 0 0 0
10805 10806 7634 7636 2444 4944 0 0 0 0 0 0 0 0 0 0 0 0 0 0 0 0 0 0
10766 10764 7633 7635 7636 7634 0 0 0 0 0 0 0 0 0 0 0 0 0 0 0 0 0 0
10763 13414 13417 10764 10766 10765 0 0 0 0 0 0 0 0 0 0 0 0 0 0 0 0 0 0
15539 15542 15553 16747 17609 17610 0 0 0 0 0 0 0 0 0 0 0 0 0 0 0 0 0 0
15541 13761 15549 15555 15553 15542 0 0 0 0 0 0 0 0 0 0 0 0 0 0 0 0 0 0
15552 15551 15550 15554 15555 15549 0 0 0 0 0 0 0 0 0 0 0 0 0 0 0 0 0 0
13747 13749 13750 13748 15551 15552 0 0 0 0 0 0 0 0 0 0 0 0 0 0 0 0 0 0
13159 15179 15178 10410 13748 13750 0 0 0 0 0 0 0 0 0 0 0 0 0 0 0 0 0 0
13156 13157 15175 15179 13159 13158 0 0 0 0 0 0 0 0 0 0 0 0 0 0 0 0 0 0
8203 8204 11178 11177 15174 15175 13157 0 0 0 0 0 0 0 0 0 0 0 0 0 0 0 0 0
8204 13786 13785 11178 0 0 0 0 0 0 0 0 0 0 0 0 0 0 0 0 0 0 0 0
13787 13784 13783 15477 15478 13785 13786 0 0 0 0 0 0 0 0 0 0 0 0 0 0 0 0 0
13781 13780 13779 13783 13784 13782 0 0 0 0 0 0 0 0 0 0 0 0 0 0 0 0 0 0
15226 15224 13775 13772 13779 13780 0 0 0 0 0 0 0 0 0 0 0 0 0 0 0 0 0 0
16584 16580 15225 15224 15226 0 0 0 0 0 0 0 0 0 0 0 0 0 0 0 0 0 0 0
16585 16589 16588 16587 16586 0 0 0 0 0 0 0 0 0 0 0 0 0 0 0 0 0 0 0
17525 16591 15227 16589 16585 17524 0 0 0 0 0 0 0 0 0 0 0 0 0 0 0 0 0 0
16590 13195 13189 13188 15227 16591 0 0 0 0 0 0 0 0 0 0 0 0 0 0 0 0 0 0
17520 15238 15237 13195 16590 17517 0 0 0 0 0 0 0 0 0 0 0 0 0 0 0 0 0 0
15238 15241 15240 15239 15236 15237 0 0 0 0 0 0 0 0 0 0 0 0 0 0 0 0 0 0
15234 7241 7242 7240 15240 15241 0 0 0 0 0 0 0 0 0 0 0 0 0 0 0 0 0 0
7258 7257 2673 4347 7240 7242 0 0 0 0 0 0 0 0 0 0 0 0 0 0 0 0 0 0
7259 7256 10993 10995 7257 7258 0 0 0 0 0 0 0 0 0 0 0 0 0 0 0 0 0 0
10996 10997 10992 10994 10995 10993 0 0 0 0 0 0 0 0 0 0 0 0 0 0 0 0 0 0
13604 13600 11000 11001 10997 10996 0 0 0 0 0 0 0 0 0 0 0 0 0 0 0 0 0 0
13575 13576 10999 10998 11001 11000 0 0 0 0 0 0 0 0 0 0 0 0 0 0 0 0 0 0
15446 15443 15451 15452 13576 13575 0 0 0 0 0 0 0 0 0 0 0 0 0 0 0 0 0 0
16688 16689 15453 15450 15452 15451 0 0 0 0 0 0 0 0 0 0 0 0 0 0 0 0 0 0
16692 16693 16691 16689 16688 16690 0 0 0 0 0 0 0 0 0 0 0 0 0 0 0 0 0 0
16693 8003 8000 13573 13574 15447 16691 0 0 0 0 0 0 0 0 0 0 0 0 0 0 0 0 0
8000 7999 13569 13573 0 0 0 0 0 0 0 0 0 0 0 0 0 0 0 0 0 0 0 0
5219 10948 10947 10943 13570 13569 7999 0 0 0 0 0 0 0 0 0 0 0 0 0 0 0 0 0
10949 10952 10951 10950 10947 10948 0 0 0 0 0 0 0 0 0 0 0 0 0 0 0 0 0 0
10951 10954 10953 7969 7962 10950 0 0 0 0 0 0 0 0 0 0 0 0 0 0 0 0 0 0
10957 10955 10956 10953 10954 10958 0 0 0 0 0 0 0 0 0 0 0 0 0 0 0 0 0 0
4727 4726 5217 7970 10956 10955 0 0 0 0 0 0 0 0 0 0 0 0 0 0 0 0 0 0
4725 4723 4724 4726 4727 4728 0 0 0 0 0 0 0 0 0 0 0 0 0 0 0 0 0 0
960 1357 2267 2264 4724 4723 0 0 0 0 0 0 0 0 0 0 0 0 0 0 0 0 0 0
361 3182 3181 1357 960 959 0 0 0 0 0 0 0 0 0 0 0 0 0 0 0 0 0 0
3183 7476 7479 5991 3181 3182 0 0 0 0 0 0 0 0 0 0 0 0 0 0 0 0 0 0
1358 2248 4690 7477 7476 3183 0 0 0 0 0 0 0 0 0 0 0 0 0 0 0 0 0 0
4692 4691 7484 7482 7477 4690 0 0 0 0 0 0 0 0 0 0 0 0 0 0 0 0 0 0
4688 4689 7490 7491 4691 4692 0 0 0 0 0 0 0 0 0 0 0 0 0 0 0 0 0 0
7490 7489 10627 13312 13311 7491 0 0 0 0 0 0 0 0 0 0 0 0 0 0 0 0 0 0
4711 7493 10626 10627 7489 0 0 0 0 0 0 0 0 0 0 0 0 0 0 0 0 0 0 0
7492 7494 7495 7496 10625 10626 7493 0 0 0 0 0 0 0 0 0 0 0 0 0 0 0 0 0
15287 15288 4697 4698 7495 7494 0 0 0 0 0 0 0 0 0 0 0 0 0 0 0 0 0 0
4697 4700 4701 4699 4698 0 0 0 0 0 0 0 0 0 0 0 0 0 0 0 0 0 0 0
7436 4638 4641 4640 4639 16634 16635 0 0 0 0 0 0 0 0 0 0 0 0 0 0 0 0 0
4634 4636 4635 4637 4640 4641 0 0 0 0 0 0 0 0 0 0 0 0 0 0 0 0 0 0
4632 4630 2233 2228 4636 4634 0 0 0 0 0 0 0 0 0 0 0 0 0 0 0 0 0 0
2232 621 637 2229 2228 2233 0 0 0 0 0 0 0 0 0 0 0 0 0 0 0 0 0 0
4628 4629 1611 1608 621 2232 0 0 0 0 0 0 0 0 0 0 0 0 0 0 0 0 0 0
12459 12457 1610 1609 1608 1611 0 0 0 0 0 0 0 0 0 0 0 0 0 0 0 0 0 0
12458 12462 12463 12456 12457 12459 0 0 0 0 0 0 0 0 0 0 0 0 0 0 0 0 0 0
12460 9520 9519 9521 12456 12463 0 0 0 0 0 0 0 0 0 0 0 0 0 0 0 0 0 0
12465 6346 6347 6344 6345 9520 12460 0 0 0 0 0 0 0 0 0 0 0 0 0 0 0 0 0
6344 626 627 1614 3597 6345 0 0 0 0 0 0 0 0 0 0 0 0 0 0 0 0 0 0
6157 6153 3406 1531 627 626 0 0 0 0 0 0 0 0 0 0 0 0 0 0 0 0 0 0
3406 3403 3412 3413 3408 1531 0 0 0 0 0 0 0 0 0 0 0 0 0 0 0 0 0 0
3404 1036 370 3411 3412 3403 0 0 0 0 0 0 0 0 0 0 0 0 0 0 0 0 0 0
370 1043 3399 3398 3409 3411 0 0 0 0 0 0 0 0 0 0 0 0 0 0 0 0 0 0
2438 2436 1042 3400 3399 1043 0 0 0 0 0 0 0 0 0 0 0 0 0 0 0 0 0 0
2443 2445 1045 3401 3400 1042 0 0 0 0 0 0 0 0 0 0 0 0 0 0 0 0 0 0
2444 7636 7635 2446 2445 2443 0 0 0 0 0 0 0 0 0 0 0 0 0 0 0 0 0 0
7635 7633 13412 13413 4912 2446 0 0 0 0 0 0 0 0 0 0 0 0 0 0 0 0 0 0
10764 13417 13416 13410 13412 7633 0 0 0 0 0 0 0 0 0 0 0 0 0 0 0 0 0 0
16747 16751 16753 18048 18049 17609 0 0 0 0 0 0 0 0 0 0 0 0 0 0 0 0 0 0
15553 15555 15554 16748 16751 16747 0 0 0 0 0 0 0 0 0 0 0 0 0 0 0 0 0 0
15550 13762 15561 16749 16748 15554 0 0 0 0 0 0 0 0 0 0 0 0 0 0 0 0 0 0
15551 13748 10410 13763 13762 15550 0 0 0 0 0 0 0 0 0 0 0 0 0 0 0 0 0 0
15178 15177 15566 15565 13763 10410 0 0 0 0 0 0 0 0 0 0 0 0 0 0 0 0 0 0
15179 15175 15174 15176 15177 15178 0 0 0 0 0 0 0 0 0 0 0 0 0 0 0 0 0 0
15174 11177 11176 8205 15172 15176 0 0 0 0 0 0 0 0 0 0 0 0 0 0 0 0 0 0
13785 15478 15475 11176 11177 11178 0 0 0 0 0 0 0 0 0 0 0 0 0 0 0 0 0 0
15477 15476 15473 15474 15475 15478 0 0 0 0 0 0 0 0 0 0 0 0 0 0 0 0 0 0
13779 13772 13773 15476 15477 13783 0 0 0 0 0 0 0 0 0 0 0 0 0 0 0 0 0 0
13775 15471 15472 13774 13773 13772 0 0 0 0 0 0 0 0 0 0 0 0 0 0 0 0 0 0
15225 16586 16587 15470 15471 13775 15224 0 0 0 0 0 0 0 0 0 0 0 0 0 0 0 0 0
16587 16588 15220 16699 16697 15470 0 0 0 0 0 0 0 0 0 0 0 0 0 0 0 0 0 0
16589 15227 13188 15219 15220 16588 0 0 0 0 0 0 0 0 0 0 0 0 0 0 0 0 0 0
13188 13189 15229 15233 15222 15219 0 0 0 0 0 0 0 0 0 0 0 0 0 0 0 0 0 0
13195 15237 15236 15228 15229 13189 0 0 0 0 0 0 0 0 0 0 0 0 0 0 0 0 0 0
15236 15239 13194 13193 15231 15228 0 0 0 0 0 0 0 0 0 0 0 0 0 0 0 0 0 0
7240 4347 7268 13194 15239 15240 0 0 0 0 0 0 0 0 0 0 0 0 0 0 0 0 0 0
4347 2673 5233 5232 7267 7268 0 0 0 0 0 0 0 0 0 0 0 0 0 0 0 0 0 0
7257 10995 10994 5235 5233 2673 0 0 0 0 0 0 0 0 0 0 0 0 0 0 0 0 0 0
10994 10992 8030 5236 5234 5235 0 0 0 0 0 0 0 0 0 0 0 0 0 0 0 0 0 0
11001 10998 8031 8030 10992 10997 0 0 0 0 0 0 0 0 0 0 0 0 0 0 0 0 0 0
10998 10999 10976 10991 10990 8031 0 0 0 0 0 0 0 0 0 0 0 0 0 0 0 0 0 0
15452 15450 13578 10976 10999 13576 0 0 0 0 0 0 0 0 0 0 0 0 0 0 0 0 0 0
15450 15453 15449 13582 13577 13578 0 0 0 0 0 0 0 0 0 0 0 0 0 0 0 0 0 0
16689 16691 15447 15448 15449 15453 0 0 0 0 0 0 0 0 0 0 0 0 0 0 0 0 0 0
13574 13572 10975 13579 15448 15447 0 0 0 0 0 0 0 0 0 0 0 0 0 0 0 0 0 0
13573 13569 13570 13571 13572 13574 0 0 0 0 0 0 0 0 0 0 0 0 0 0 0 0 0 0
10943 10944 10945 10946 13571 13570 0 0 0 0 0 0 0 0 0 0 0 0 0 0 0 0 0 0
10950 7962 7961 10944 10943 10947 0 0 0 0 0 0 0 0 0 0 0 0 0 0 0 0 0 0
7969 7972 7963 7966 7961 7962 0 0 0 0 0 0 0 0 0 0 0 0 0 0 0 0 0 0
10956 7970 7971 7972 7969 10953 0 0 0 0 0 0 0 0 0 0 0 0 0 0 0 0 0 0
7970 5217 5218 5216 5215 7971 0 0 0 0 0 0 0 0 0 0 0 0 0 0 0 0 0 0
4726 4724 2264 2265 5218 5217 0 0 0 0 0 0 0 0 0 0 0 0 0 0 0 0 0 0
2264 2267 2266 2263 2262 2265 0 0 0 0 0 0 0 0 0 0 0 0 0 0 0 0 0 0
1357 3181 5991 5990 2266 2267 0 0 0 0 0 0 0 0 0 0 0 0 0 0 0 0 0 0
5991 7479 7478 5988 5989 5990 0 0 0 0 0 0 0 0 0 0 0 0 0 0 0 0 0 0
7477 7482 7481 7478 7479 7476 0 0 0 0 0 0 0 0 0 0 0 0 0 0 0 0 0 0
7482 7484 7485 7483 7480 7481 0 0 0 0 0 0 0 0 0 0 0 0 0 0 0 0 0 0
7491 13311 13309 7485 7484 4691 0 0 0 0 0 0 0 0 0 0 0 0 0 0 0 0 0 0
13312 13314 13313 13310 13309 13311 0 0 0 0 0 0 0 0 0 0 0 0 0 0 0 0 0 0
10627 10626 10625 13305 13314 13312 0 0 0 0 0 0 0 0 0 0 0 0 0 0 0 0 0 0
7496 2252 2253 13306 13305 10625 0 0 0 0 0 0 0 0 0 0 0 0 0 0 0 0 0 0
4698 4699 2250 2252 7496 7495 0 0 0 0 0 0 0 0 0 0 0 0 0 0 0 0 0 0
4699 4701 1641 1643 2249 2250 0 0 0 0 0 0 0 0 0 0 0 0 0 0 0 0 0 0
4640 4637 1640 1641 4701 4700 4639 0 0 0 0 0 0 0 0 0 0 0 0 0 0 0 0 0
4637 4635 2231 1650 1651 1640 0 0 0 0 0 0 0 0 0 0 0 0 0 0 0 0 0 0
2228 2229 2230 2231 4635 4636 0 0 0 0 0 0 0 0 0 0 0 0 0 0 0 0 0 0
637 1637 1638 639 2230 2229 0 0 0 0 0 0 0 0 0 0 0 0 0 0 0 0 0 0
621 1608 1609 1636 1637 637 0 0 0 0 0 0 0 0 0 0 0 0 0 0 0 0 0 0
1609 1610 622 674 1639 1636 0 0 0 0 0 0 0 0 0 0 0 0 0 0 0 0 0 0
12457 12456 9521 1612 622 1610 0 0 0 0 0 0 0 0 0 0 0 0 0 0 0 0 0 0
9521 9519 3596 3590 3593 1612 0 0 0 0 0 0 0 0 0 0 0 0 0 0 0 0 0 0
9520 6345 3597 3598 3596 9519 0 0 0 0 0 0 0 0 0 0 0 0 0 0 0 0 0 0
3597 1614 3601 3600 1613 3598 0 0 0 0 0 0 0 0 0 0 0 0 0 0 0 0 0 0
1531 3408 3602 3601 1614 627 0 0 0 0 0 0 0 0 0 0 0 0 0 0 0 0 0 0
3413 3414 3407 3604 3602 3408 0 0 0 0 0 0 0 0 0 0 0 0 0 0 0 0 0 0
3411 3409 3410 3414 3413 3412 0 0 0 0 0 0 0 0 0 0 0 0 0 0 0 0 0 0
3398 3397 1527 1532 3410 3409 0 0 0 0 0 0 0 0 0 0 0 0 0 0 0 0 0 0
3400 3401 3402 3397 3398 3399 0 0 0 0 0 0 0 0 0 0 0 0 0 0 0 0 0 0
1045 1044 369 1530 3402 3401 0 0 0 0 0 0 0 0 0 0 0 0 0 0 0 0 0 0
2446 4912 4913 1044 1045 2445 0 0 0 0 0 0 0 0 0 0 0 0 0 0 0 0 0 0
13413 13411 10758 4914 4913 4912 0 0 0 0 0 0 0 0 0 0 0 0 0 0 0 0 0 0
13410 13408 13409 13411 13413 13412 0 0 0 0 0 0 0 0 0 0 0 0 0 0 0 0 0 0
0 0 0 0 0 0 0 0 0 0 0 0 0 0 0 0 0 0 0 0 0 0 0 0
0 0 0 0 0 0 0 0 0 0 0 0 0 0 0 0 0 0 0 0 0 0 0 0
0 0 0 0 0 0 0 0 0 0 0 0 0 0 0 0 0 0 0 0 0 0 0 0
0 0 0 0 0 0 0 0 0 0 0 0 0 0 0 0 0 0 0 0 0 0 0 0
0 0 0 0 0 0 0 0 0 0 0 0 0 0 0 0 0 0 0 0 0 0 0 0
0 0 0 0 0 0 0 0 0 0 0 0 0 0 0 0 0 0 0 0 0 0 0 0
0 0 0 0 0 0 0 0 0 0 0 0 0 0 0 0 0 0 0 0 0 0 0 0
0 0 0 0 0 0 0 0 0 0 0 0 0 0 0 0 0 0 0 0 0 0 0 0
0 0 0 0 0 0 0 0 0 0 0 0 0 0 0 0 0 0 0 0 0 0 0 0
0 0 0 0 0 0 0 0 0 0 0 0 0 0 0 0 0 0 0 0 0 0 0 0
0 0 0 0 0 0 0 0 0 0 0 0 0 0 0 0 0 0 0 0 0 0 0 0
0 0 0 0 0 0 0 0 0 0 0 0 0 0 0 0 0 0 0 0 0 0 0 0
0 0 0 0 0 0 0 0 0 0 0 0 0 0 0 0 0 0 0 0 0 0 0 0
0 0 0 0 0 0 0 0 0 0 0 0 0 0 0 0 0 0 0 0 0 0 0 0
0 0 0 0 0 0 0 0 0 0 0 0 0 0 0 0 0 0 0 0 0 0 0 0
0 0 0 0 0 0 0 0 0 0 0 0 0 0 0 0 0 0 0 0 0 0 0 0
0 0 0 0 0 0 0 0 0 0 0 0 0 0 0 0 0 0 0 0 0 0 0 0
0 0 0 0 0 0 0 0 0 0 0 0 0 0 0 0 0 0 0 0 0 0 0 0
0 0 0 0 0 0 0 0 0 0 0 0 0 0 0 0 0 0 0 0 0 0 0 0
0 0 0 0 0 0 0 0 0 0 0 0 0 0 0 0 0 0 0 0 0 0 0 0
0 0 0 0 0 0 0 0 0 0 0 0 0 0 0 0 0 0 0 0 0 0 0 0
0 0 0 0 0 0 0 0 0 0 0 0 0 0 0 0 0 0 0 0 0 0 0 0
0 0 0 0 0 0 0 0 0 0 0 0 0 0 0 0 0 0 0 0 0 0 0 0
0 0 0 0 0 0 0 0 0 0 0 0 0 0 0 0 0 0 0 0 0 0 0 0
0 0 0 0 0 0 0 0 0 0 0 0 0 0 0 0 0 0 0 0 0 0 0 0
0 0 0 0 0 0 0 0 0 0 0 0 0 0 0 0 0 0 0 0 0 0 0 0
0 0 0 0 0 0 0 0 0 0 0 0 0 0 0 0 0 0 0 0 0 0 0 0
0 0 0 0 0 0 0 0 0 0 0 0 0 0 0 0 0 0 0 0 0 0 0 0
0 0 0 0 0 0 0 0 0 0 0 0 0 0 0 0 0 0 0 0 0 0 0 0
0 0 0 0 0 0 0 0 0 0 0 0 0 0 0 0 0 0 0 0 0 0 0 0
0 0 0 0 0 0 0 0 0 0 0 0 0 0 0 0 0 0 0 0 0 0 0 0
0 0 0 0 0 0 0 0 0 0 0 0 0 0 0 0 0 0 0 0 0 0 0 0
0 0 0 0 0 0 0 0 0 0 0 0 0 0 0 0 0 0 0 0 0 0 0 0
0 0 0 0 0 0 0 0 0 0 0 0 0 0 0 0 0 0 0 0 0 0 0 0
0 0 0 0 0 0 0 0 0 0 0 0 0 0 0 0 0 0 0 0 0 0 0 0
0 0 0 0 0 0 0 0 0 0 0 0 0 0 0 0 0 0 0 0 0 0 0 0
0 0 0 0 0 0 0 0 0 0 0 0 0 0 0 0 0 0 0 0 0 0 0 0
0 0 0 0 0 0 0 0 0 0 0 0 0 0 0 0 0 0 0 0 0 0 0 0
0 0 0 0 0 0 0 0 0 0 0 0 0 0 0 0 0 0 0 0 0 0 0 0
0 0 0 0 0 0 0 0 0 0 0 0 0 0 0 0 0 0 0 0 0 0 0 0
0 0 0 0 0 0 0 0 0 0 0 0 0 0 0 0 0 0 0 0 0 0 0 0
0 0 0 0 0 0 0 0 0 0 0 0 0 0 0 0 0 0 0 0 0 0 0 0
0 0 0 0 0 0 0 0 0 0 0 0 0 0 0 0 0 0 0 0 0 0 0 0
0 0 0 0 0 0 0 0 0 0 0 0 0 0 0 0 0 0 0 0 0 0 0 0
0 0 0 0 0 0 0 0 0 0 0 0 0 0 0 0 0 0 0 0 0 0 0 0
0 0 0 0 0 0 0 0 0 0 0 0 0 0 0 0 0 0 0 0 0 0 0 0
0 0 0 0 0 0 0 0 0 0 0 0 0 0 0 0 0 0 0 0 0 0 0 0
0 0 0 0 0 0 0 0 0 0 0 0 0 0 0 0 0 0 0 0 0 0 0 0
0 0 0 0 0 0 0 0 0 0 0 0 0 0 0 0 0 0 0 0 0 0 0 0
0 0 0 0 0 0 0 0 0 0 0 0 0 0 0 0 0 0 0 0 0 0 0 0
0 0 0 0 0 0 0 0 0 0 0 0 0 0 0 0 0 0 0 0 0 0 0 0
0 0 0 0 0 0 0 0 0 0 0 0 0 0 0 0 0 0 0 0 0 0 0 0
0 0 0 0 0 0 0 0 0 0 0 0 0 0 0 0 0 0 0 0 0 0 0 0
0 0 0 0 0 0 0 0 0 0 0 0 0 0 0 0 0 0 0 0 0 0 0 0
0 0 0 0 0 0 0 0 0 0 0 0 0 0 0 0 0 0 0 0 0 0 0 0
0 0 0 0 0 0 0 0 0 0 0 0 0 0 0 0 0 0 0 0 0 0 0 0
0 0 0 0 0 0 0 0 0 0 0 0 0 0 0 0 0 0 0 0 0 0 0 0
0 0 0 0 0 0 0 0 0 0 0 0 0 0 0 0 0 0 0 0 0 0 0 0
0 0 0 0 0 0 0 0 0 0 0 0 0 0 0 0 0 0 0 0 0 0 0 0
0 0 0 0 0 0 0 0 0 0 0 0 0 0 0 0 0 0 0 0 0 0 0 0
0 0 0 0 0 0 0 0 0 0 0 0 0 0 0 0 0 0 0 0 0 0 0 0
0 0 0 0 0 0 0 0 0 0 0 0 0 0 0 0 0 0 0 0 0 0 0 0
0 0 0 0 0 0 0 0 0 0 0 0 0 0 0 0 0 0 0 0 0 0 0 0
0 0 0 0 0 0 0 0 0 0 0 0 0 0 0 0 0 0 0 0 0 0 0 0
