7176 7173 12385 12384 10115 10116 0 0 0 0 0 0 0 0 0 0 0 0
6860 17888 17889 7173 7176 7177 0 0 0 0 0 0 0 0 0 0 0 0
17888 17887 17886 17885 17890 17889 0 0 0 0 0 0 0 0 0 0 0 0
17508 17509 17506 17886 17887 17507 0 0 0 0 0 0 0 0 0 0 0 0
17509 12453 12452 12449 16594 17506 0 0 0 0 0 0 0 0 0 0 0 0
12451 12454 12456 12455 12452 12453 0 0 0 0 0 0 0 0 0 0 0 0
9828 9827 12480 12481 9826 12455 12456 0 0 0 0 0 0 0 0 0 0 0
9824 9825 12476 12475 9827 9828 0 0 0 0 0 0 0 0 0 0 0 0
12473 14852 14850 12474 12475 12476 0 0 0 0 0 0 0 0 0 0 0 0
16591 17505 17504 14852 12473 9811 0 0 0 0 0 0 0 0 0 0 0 0
17505 17501 17500 17502 17503 17504 0 0 0 0 0 0 0 0 0 0 0 0
14797 14796 16587 17500 17501 16590 0 0 0 0 0 0 0 0 0 0 0 0
14795 16574 16576 16586 16587 14796 0 0 0 0 0 0 0 0 0 0 0 0
14794 14793 14792 16571 16574 14795 0 0 0 0 0 0 0 0 0 0 0 0
9803 9806 14808 16573 16571 14792 0 0 0 0 0 0 0 0 0 0 0 0
14805 14802 9802 9805 9806 9803 0 0 0 0 0 0 0 0 0 0 0 0
6851 6847 6853 9804 9805 9802 0 0 0 0 0 0 0 0 0 0 0 0
9793 9794 6846 6847 6851 6852 0 0 0 0 0 0 0 0 0 0 0 0
9796 4913 2720 4229 6846 9794 0 0 0 0 0 0 0 0 0 0 0 0
4911 4912 4910 4913 9796 9797 0 0 0 0 0 0 0 0 0 0 0 0
4929 4928 2719 2723 4910 4912 0 0 0 0 0 0 0 0 0 0 0 0
7669 7665 7281 7280 4928 4929 0 0 0 0 0 0 0 0 0 0 0 0
10198 10199 10203 10206 7280 7281 0 0 0 0 0 0 0 0 0 0 0 0
10196 10194 10195 10199 10198 10197 0 0 0 0 0 0 0 0 0 0 0 0
7279 7278 10202 10200 10195 10194 0 0 0 0 0 0 0 0 0 0 0 0
7289 7292 7285 7288 7278 7279 0 0 0 0 0 0 0 0 0 0 0 0
7286 7287 12857 12858 7288 7285 0 0 0 0 0 0 0 0 0 0 0 0
15216 15214 10193 7273 7287 7286 0 0 0 0 0 0 0 0 0 0 0 0
10192 2492 4552 4555 7273 10193 0 0 0 0 0 0 0 0 0 0 0 0
10191 4556 4549 4550 2492 10192 0 0 0 0 0 0 0 0 0 0 0 0
10207 15190 15193 12834 4550 4549 0 0 0 0 0 0 0 0 0 0 0 0
10208 10210 10209 15191 15190 10207 0 0 0 0 0 0 0 0 0 0 0 0
12384 12385 14759 14760 12383 12382 0 0 0 0 0 0 0 0 0 0 0 0
7173 17889 17890 14825 14759 12385 0 0 0 0 0 0 0 0 0 0 0 0
17890 17885 17514 17515 16597 14825 0 0 0 0 0 0 0 0 0 0 0 0
17886 17506 16594 17511 17514 17885 0 0 0 0 0 0 0 0 0 0 0 0
12449 12448 12450 17510 17511 16594 0 0 0 0 0 0 0 0 0 0 0 0
12455 9826 9815 12448 12449 12452 0 0 0 0 0 0 0 0 0 0 0 0
12481 12482 9835 9814 9815 9826 0 0 0 0 0 0 0 0 0 0 0 0
9827 12475 12474 12479 12480 0 0 0 0 0 0 0 0 0 0 0 0 0
12474 14850 14851 12477 12483 12479 0 0 0 0 0 0 0 0 0 0 0 0
14852 17504 17503 14853 14851 14850 0 0 0 0 0 0 0 0 0 0 0 0
17502 16589 14842 14840 14853 17503 0 0 0 0 0 0 0 0 0 0 0 0
17500 16587 16586 16588 16589 17502 0 0 0 0 0 0 0 0 0 0 0 0
16586 16576 16575 9780 9781 16588 0 0 0 0 0 0 0 0 0 0 0 0
16571 16573 16572 16575 16576 16574 0 0 0 0 0 0 0 0 0 0 0 0
16573 14808 14809 14810 14811 16572 0 0 0 0 0 0 0 0 0 0 0 0
9805 9804 12429 14809 14808 9806 0 0 0 0 0 0 0 0 0 0 0 0
6853 6854 6855 12430 12429 9804 0 0 0 0 0 0 0 0 0 0 0 0
6847 6846 4229 4228 6854 6853 0 0 0 0 0 0 0 0 0 0 0 0
4229 2720 2721 2726 2724 4228 0 0 0 0 0 0 0 0 0 0 0 0
4913 4910 2723 2722 2721 2720 0 0 0 0 0 0 0 0 0 0 0 0
2723 2719 2759 7658 7656 2722 0 0 0 0 0 0 0 0 0 0 0 0
7280 10206 10205 2759 2719 4928 0 0 0 0 0 0 0 0 0 0 0 0
10206 10203 15219 15218 10204 10205 0 0 0 0 0 0 0 0 0 0 0 0
10199 10195 10200 15220 15219 10203 0 0 0 0 0 0 0 0 0 0 0 0
10202 10201 12865 15221 15220 10200 0 0 0 0 0 0 0 0 0 0 0 0
7278 7288 12858 12859 10201 10202 0 0 0 0 0 0 0 0 0 0 0 0
12858 12857 12856 12855 12860 12859 0 0 0 0 0 0 0 0 0 0 0 0
7287 7273 4555 7275 12856 12857 0 0 0 0 0 0 0 0 0 0 0 0
4552 4553 12838 12839 7275 4555 0 0 0 0 0 0 0 0 0 0 0 0
4550 12834 12833 4553 4552 2492 0 0 0 0 0 0 0 0 0 0 0 0
12834 15193 15194 12836 12835 12833 0 0 0 0 0 0 0 0 0 0 0 0
15191 15192 15189 15194 15193 15190 0 0 0 0 0 0 0 0 0 0 0 0
14760 16543 16542 14776 14775 12383 0 0 0 0 0 0 0 0 0 0 0 0
14825 16597 16596 16545 16543 14760 14759 0 0 0 0 0 0 0 0 0 0 0
17515 17513 16595 16596 16597 0 0 0 0 0 0 0 0 0 0 0 0 0
17514 17511 17510 17512 17513 17515 0 0 0 0 0 0 0 0 0 0 0 0
17510 12450 9812 12434 12433 17512 0 0 0 0 0 0 0 0 0 0 0 0
12448 9815 9814 9813 9812 12450 0 0 0 0 0 0 0 0 0 0 0 0
9814 9835 9837 4232 9813 0 0 0 0 0 0 0 0 0 0 0 0 0
12479 12483 12484 12482 12481 12480 0 0 0 0 0 0 0 0 0 0 0 0
12477 12478 12468 9839 12484 12483 0 0 0 0 0 0 0 0 0 0 0 0
14851 14853 14840 14841 12478 12477 0 0 0 0 0 0 0 0 0 0 0 0
14842 14843 14839 14838 14841 14840 0 0 0 0 0 0 0 0 0 0 0 0
16589 16588 9781 6844 14843 14842 0 0 0 0 0 0 0 0 0 0 0 0
9780 6842 6841 4227 6844 9781 0 0 0 0 0 0 0 0 0 0 0 0
16575 16572 14811 6843 6842 9780 0 0 0 0 0 0 0 0 0 0 0 0
14810 12432 12418 12414 6843 14811 0 0 0 0 0 0 0 0 0 0 0 0
14809 12429 12430 12431 12432 14810 0 0 0 0 0 0 0 0 0 0 0 0
12430 6855 4230 6856 12431 0 0 0 0 0 0 0 0 0 0 0 0 0
4228 2724 2725 4951 4949 4230 6855 6854 0 0 0 0 0 0 0 0 0 0
2726 4919 4920 2725 2724 0 0 0 0 0 0 0 0 0 0 0 0 0
2721 2722 7656 7657 4919 2726 0 0 0 0 0 0 0 0 0 0 0 0
7658 10482 10486 10480 7657 7656 0 0 0 0 0 0 0 0 0 0 0 0
10205 10204 2760 10481 10482 7658 2759 0 0 0 0 0 0 0 0 0 0 0
15218 16780 16782 2760 10204 0 0 0 0 0 0 0 0 0 0 0 0 0
15220 15221 16785 16780 15218 15219 0 0 0 0 0 0 0 0 0 0 0 0
15221 12865 12866 12867 16784 16785 0 0 0 0 0 0 0 0 0 0 0 0
12859 12860 10188 7274 12866 12865 10201 0 0 0 0 0 0 0 0 0 0 0
12860 12855 10190 10189 10188 0 0 0 0 0 0 0 0 0 0 0 0 0
12856 7275 12839 12840 10190 12855 0 0 0 0 0 0 0 0 0 0 0 0
12839 12838 12841 12842 12837 12840 0 0 0 0 0 0 0 0 0 0 0 0
12833 12835 12830 10179 12841 12838 4553 0 0 0 0 0 0 0 0 0 0 0
12836 12827 12828 12829 12830 12835 0 0 0 0 0 0 0 0 0 0 0 0
15194 15189 15188 15187 12827 12836 0 0 0 0 0 0 0 0 0 0 0 0
14776 16542 16544 15408 10505 14777 0 0 0 0 0 0 0 0 0 0 0 0
16543 16545 16546 16544 16542 0 0 0 0 0 0 0 0 0 0 0 0 0
16596 16595 15404 15405 15407 16546 16545 0 0 0 0 0 0 0 0 0 0 0
17512 12433 15402 15404 16595 17513 0 0 0 0 0 0 0 0 0 0 0 0
12434 12436 12435 15401 15402 12433 0 0 0 0 0 0 0 0 0 0 0 0
9813 4232 9809 12436 12434 9812 0 0 0 0 0 0 0 0 0 0 0 0
4232 9837 9836 4231 9808 9809 0 0 0 0 0 0 0 0 0 0 0 0
12484 9839 9838 9836 9837 9835 12482 0 0 0 0 0 0 0 0 0 0 0
9839 12468 14844 14846 9834 9838 0 0 0 0 0 0 0 0 0 0 0 0
14841 14838 14847 14844 12468 12478 0 0 0 0 0 0 0 0 0 0 0 0
14838 14839 9833 12470 14849 14847 0 0 0 0 0 0 0 0 0 0 0 0
6844 4227 4226 9833 14839 14843 0 0 0 0 0 0 0 0 0 0 0 0
6841 12413 12412 6845 6875 6874 4226 4227 0 0 0 0 0 0 0 0 0 0
6843 12414 12416 12413 6841 6842 0 0 0 0 0 0 0 0 0 0 0 0
12414 12418 12419 12415 12417 12416 0 0 0 0 0 0 0 0 0 0 0 0
12432 12431 6856 6857 12419 12418 0 0 0 0 0 0 0 0 0 0 0 0
6856 4230 4949 4950 2743 2746 6857 0 0 0 0 0 0 0 0 0 0 0
4951 4952 4953 4950 4949 0 0 0 0 0 0 0 0 0 0 0 0 0
2725 4920 7654 7653 4952 4951 0 0 0 0 0 0 0 0 0 0 0 0
7657 10480 10479 7654 4920 4919 0 0 0 0 0 0 0 0 0 0 0 0
10480 10486 10485 13098 13102 10479 0 0 0 0 0 0 0 0 0 0 0 0
10481 10483 10484 10485 10486 10482 0 0 0 0 0 0 0 0 0 0 0 0
2760 16782 16781 7650 10483 10481 0 0 0 0 0 0 0 0 0 0 0 0
16780 16785 16784 16783 16781 16782 0 0 0 0 0 0 0 0 0 0 0 0
16784 12867 7284 7283 7282 16783 0 0 0 0 0 0 0 0 0 0 0 0
7274 4554 7272 7284 12867 12866 0 0 0 0 0 0 0 0 0 0 0 0
10188 10189 10181 7268 4554 7274 0 0 0 0 0 0 0 0 0 0 0 0
12840 12837 10180 10181 10189 10190 0 0 0 0 0 0 0 0 0 0 0 0
12842 12843 15196 15195 10182 10180 12837 0 0 0 0 0 0 0 0 0 0 0
10179 10178 12844 12843 12842 12841 0 0 0 0 0 0 0 0 0 0 0 0
12830 12829 7264 10178 10179 0 0 0 0 0 0 0 0 0 0 0 0 0
15187 15186 7266 12828 12827 0 0 0 0 0 0 0 0 0 0 0 0 0
10505 15408 15409 13128 13129 10504 0 0 0 0 0 0 0 0 0 0 0 0
16546 15407 15406 15409 15408 16544 0 0 0 0 0 0 0 0 0 0 0 0
15405 15403 13110 13113 15406 15407 0 0 0 0 0 0 0 0 0 0 0 0
15402 15401 15415 15416 15403 15405 15404 0 0 0 0 0 0 0 0 0 0 0
12435 9810 15410 15415 15401 0 0 0 0 0 0 0 0 0 0 0 0 0
12436 9809 9808 9807 9810 12435 0 0 0 0 0 0 0 0 0 0 0 0
9808 4231 2229 2230 6858 9807 0 0 0 0 0 0 0 0 0 0 0 0
9836 9838 9834 6873 2229 4231 0 0 0 0 0 0 0 0 0 0 0 0
14846 14845 12462 12463 9832 6873 9834 0 0 0 0 0 0 0 0 0 0 0
14844 14847 14849 14848 14845 14846 0 0 0 0 0 0 0 0 0 0 0 0
12470 12471 12472 12469 14848 14849 0 0 0 0 0 0 0 0 0 0 0 0
9833 4226 6874 12471 12470 0 0 0 0 0 0 0 0 0 0 0 0 0
6845 9787 9791 6875 0 0 0 0 0 0 0 0 0 0 0 0 0 0
12413 12416 12417 12411 12412 0 0 0 0 0 0 0 0 0 0 0 0 0
12417 12415 9779 12425 12421 12411 0 0 0 0 0 0 0 0 0 0 0 0
6857 2746 2745 9779 12415 12419 0 0 0 0 0 0 0 0 0 0 0 0
2743 2744 7643 7644 2745 2746 0 0 0 0 0 0 0 0 0 0 0 0
4950 4953 4918 2744 2743 0 0 0 0 0 0 0 0 0 0 0 0 0
7653 7655 4917 4916 4918 4953 4952 0 0 0 0 0 0 0 0 0 0 0
7654 10479 13102 13101 7655 7653 0 0 0 0 0 0 0 0 0 0 0 0
13102 13098 13097 13099 13100 13101 0 0 0 0 0 0 0 0 0 0 0 0
10485 10484 7652 13097 13098 0 0 0 0 0 0 0 0 0 0 0 0 0
7650 7651 7648 7649 7652 10484 10483 0 0 0 0 0 0 0 0 0 0 0
16781 16783 7282 4544 7651 7650 0 0 0 0 0 0 0 0 0 0 0 0
7283 10186 10185 10175 10173 7255 4544 7282 0 0 0 0 0 0 0 0 0 0
7284 7272 10187 10186 7283 0 0 0 0 0 0 0 0 0 0 0 0 0
7268 12847 15209 15207 10187 7272 4554 0 0 0 0 0 0 0 0 0 0 0
10181 10180 10182 12845 12847 7268 0 0 0 0 0 0 0 0 0 0 0 0
10182 15195 15197 12846 12845 0 0 0 0 0 0 0 0 0 0 0 0 0
12844 15201 15196 12843 0 0 0 0 0 0 0 0 0 0 0 0 0 0
7264 7263 4551 15200 15201 12844 10178 0 0 0 0 0 0 0 0 0 0 0
12828 7266 7267 7265 7263 7264 12829 0 0 0 0 0 0 0 0 0 0 0
13128 13127 13126 13131 13130 13129 0 0 0 0 0 0 0 0 0 0 0 0
15409 15406 13113 13112 13127 13128 0 0 0 0 0 0 0 0 0 0 0 0
13113 13110 13109 13108 13111 13112 0 0 0 0 0 0 0 0 0 0 0 0
15403 15416 15413 13109 13110 0 0 0 0 0 0 0 0 0 0 0 0 0
15415 15410 15411 15412 15414 15413 15416 0 0 0 0 0 0 0 0 0 0 0
9810 9807 6858 10506 15411 15410 0 0 0 0 0 0 0 0 0 0 0 0
2230 4238 15421 15419 10506 6858 0 0 0 0 0 0 0 0 0 0 0 0
6873 9832 9831 4238 2230 2229 0 0 0 0 0 0 0 0 0 0 0 0
9832 12463 12467 12458 9831 0 0 0 0 0 0 0 0 0 0 0 0 0
14845 14848 12469 12461 12462 0 0 0 0 0 0 0 0 0 0 0 0 0
12469 12472 6877 6876 12465 12461 0 0 0 0 0 0 0 0 0 0 0 0
6874 6875 9791 9790 6877 12472 12471 0 0 0 0 0 0 0 0 0 0 0
9791 9787 9786 9788 9789 9790 0 0 0 0 0 0 0 0 0 0 0 0
12412 12411 12421 12420 9786 9787 6845 0 0 0 0 0 0 0 0 0 0 0
12421 12425 12424 12422 12423 12420 0 0 0 0 0 0 0 0 0 0 0 0
9779 2745 7644 7645 12424 12425 0 0 0 0 0 0 0 0 0 0 0 0
7643 7642 10472 10474 7645 7644 0 0 0 0 0 0 0 0 0 0 0 0
4918 4916 4915 7642 7643 2744 0 0 0 0 0 0 0 0 0 0 0 0
4917 4964 4965 4914 4915 4916 0 0 0 0 0 0 0 0 0 0 0 0
13101 13100 7647 4964 4917 7655 0 0 0 0 0 0 0 0 0 0 0 0
13099 10476 10477 7646 7647 13100 0 0 0 0 0 0 0 0 0 0 0 0
7652 7649 10475 10476 13099 13097 0 0 0 0 0 0 0 0 0 0 0 0
7648 7254 12821 12825 10475 7649 0 0 0 0 0 0 0 0 0 0 0 0
4544 7255 7254 7648 7651 0 0 0 0 0 0 0 0 0 0 0 0 0
10173 10175 10174 10172 0 0 0 0 0 0 0 0 0 0 0 0 0 0
10186 10187 15207 15208 10185 0 0 0 0 0 0 0 0 0 0 0 0 0
15207 15209 15210 15211 15206 15208 0 0 0 0 0 0 0 0 0 0 0 0
12845 12846 15204 15210 15209 12847 0 0 0 0 0 0 0 0 0 0 0 0
15197 15198 12851 15205 15204 12846 0 0 0 0 0 0 0 0 0 0 0 0
15196 15201 15200 15199 15198 15197 15195 0 0 0 0 0 0 0 0 0 0 0
4551 14571 14572 7271 15199 15200 0 0 0 0 0 0 0 0 0 0 0 0
7265 14567 14573 14571 4551 7263 0 0 0 0 0 0 0 0 0 0 0 0
13131 13126 13120 13123 10507 10508 0 0 0 0 0 0 0 0 0 0 0 0
13112 13111 13121 13120 13126 13127 0 0 0 0 0 0 0 0 0 0 0 0
13108 13106 13107 13125 13121 13111 0 0 0 0 0 0 0 0 0 0 0 0
13109 15413 15414 13114 13106 13108 0 0 0 0 0 0 0 0 0 0 0 0
15412 13117 13116 13115 13114 15414 0 0 0 0 0 0 0 0 0 0 0 0
10506 15419 15420 13117 15412 15411 0 0 0 0 0 0 0 0 0 0 0 0
15419 15421 15422 15418 15417 15420 0 0 0 0 0 0 0 0 0 0 0 0
4238 9831 12458 12460 15422 15421 0 0 0 0 0 0 0 0 0 0 0 0
12467 12466 12457 12459 12460 12458 0 0 0 0 0 0 0 0 0 0 0 0
12461 12465 12464 12466 12467 12463 12462 0 0 0 0 0 0 0 0 0 0 0
6876 6870 6869 4237 12464 12465 0 0 0 0 0 0 0 0 0 0 0 0
9790 9789 6871 6870 6876 6877 0 0 0 0 0 0 0 0 0 0 0 0
9789 9788 9783 9782 6872 6871 0 0 0 0 0 0 0 0 0 0 0 0
12420 12423 10496 9783 9788 9786 0 0 0 0 0 0 0 0 0 0 0 0
12422 10494 10495 10497 10496 12423 0 0 0 0 0 0 0 0 0 0 0 0
7645 10474 10473 10494 12422 12424 0 0 0 0 0 0 0 0 0 0 0 0
10474 10472 13093 15389 15390 10473 0 0 0 0 0 0 0 0 0 0 0 0
7642 4915 4914 13095 13093 10472 0 0 0 0 0 0 0 0 0 0 0 0
4914 4965 4966 10500 13096 13095 0 0 0 0 0 0 0 0 0 0 0 0
4964 7647 7646 4963 4966 4965 0 0 0 0 0 0 0 0 0 0 0 0
7646 10477 10478 4545 2758 4963 0 0 0 0 0 0 0 0 0 0 0 0
10476 10475 12825 12826 10478 10477 0 0 0 0 0 0 0 0 0 0 0 0
12821 12822 12823 12824 12826 12825 0 0 0 0 0 0 0 0 0 0 0 0
7255 10173 10172 10177 12822 12821 7254 0 0 0 0 0 0 0 0 0 0 0
10172 10174 4543 4548 10176 10177 0 0 0 0 0 0 0 0 0 0 0 0
10185 15208 15206 12854 4543 10174 10175 0 0 0 0 0 0 0 0 0 0 0
15206 15211 15202 12853 12852 12854 0 0 0 0 0 0 0 0 0 0 0 0
15210 15204 15205 15203 15202 15211 0 0 0 0 0 0 0 0 0 0 0 0
15205 12851 12850 12849 12848 15203 0 0 0 0 0 0 0 0 0 0 0 0
15199 7271 7270 12850 12851 15198 0 0 0 0 0 0 0 0 0 0 0 0
7271 14572 16473 16472 7269 7270 0 0 0 0 0 0 0 0 0 0 0 0
14571 14573 14574 16475 16473 14572 0 0 0 0 0 0 0 0 0 0 0 0
13123 13122 13132 13133 10509 10507 0 0 0 0 0 0 0 0 0 0 0 0
13121 13125 13124 13122 13123 13120 0 0 0 0 0 0 0 0 0 0 0 0
13125 13107 14835 14833 13118 13124 0 0 0 0 0 0 0 0 0 0 0 0
13106 13114 13115 14837 14835 13107 0 0 0 0 0 0 0 0 0 0 0 0
13115 13116 17618 17617 14836 14837 0 0 0 0 0 0 0 0 0 0 0 0
13117 15420 15417 17615 17618 13116 0 0 0 0 0 0 0 0 0 0 0 0
15417 15418 14829 14832 17613 17615 0 0 0 0 0 0 0 0 0 0 0 0
15422 12460 12459 14827 14829 15418 0 0 0 0 0 0 0 0 0 0 0 0
12459 12457 2228 2227 14826 14827 0 0 0 0 0 0 0 0 0 0 0 0
12464 4237 2226 2228 12457 12466 0 0 0 0 0 0 0 0 0 0 0 0
4237 6869 6868 2224 2225 2226 0 0 0 0 0 0 0 0 0 0 0 0
6870 6871 6872 6867 6868 6869 0 0 0 0 0 0 0 0 0 0 0 0
6872 9782 9784 4240 4242 6867 0 0 0 0 0 0 0 0 0 0 0 0
9783 10496 10497 9785 9784 9782 0 0 0 0 0 0 0 0 0 0 0 0
10497 10495 10493 13103 13105 9785 0 0 0 0 0 0 0 0 0 0 0 0
10494 10473 15390 15393 10493 10495 0 0 0 0 0 0 0 0 0 0 0 0
15390 15389 15392 15391 15394 15393 0 0 0 0 0 0 0 0 0 0 0 0
13093 13095 13096 13094 15392 15389 0 0 0 0 0 0 0 0 0 0 0 0
10500 10498 10499 10501 13094 13096 0 0 0 0 0 0 0 0 0 0 0 0
4966 4963 2758 7696 10498 10500 0 0 0 0 0 0 0 0 0 0 0 0
4545 7257 7256 2757 7699 7696 2758 0 0 0 0 0 0 0 0 0 0 0
12826 12824 7260 7257 4545 10478 0 0 0 0 0 0 0 0 0 0 0 0
12824 12823 12818 12820 7259 7260 0 0 0 0 0 0 0 0 0 0 0 0
10177 10176 12816 12818 12823 12822 0 0 0 0 0 0 0 0 0 0 0 0
4548 4546 4547 12815 12816 10176 0 0 0 0 0 0 0 0 0 0 0 0
12854 12852 10164 4546 4548 4543 0 0 0 0 0 0 0 0 0 0 0 0
12853 10184 10162 10163 10164 12852 0 0 0 0 0 0 0 0 0 0 0 0
15203 12848 10183 10184 12853 15202 0 0 0 0 0 0 0 0 0 0 0 0
12849 4533 12806 12809 10183 12848 0 0 0 0 0 0 0 0 0 0 0 0
12850 7270 7269 4535 4533 12849 0 0 0 0 0 0 0 0 0 0 0 0
16472 16474 12133 4534 4535 7269 0 0 0 0 0 0 0 0 0 0 0 0
16475 16477 16476 16474 16472 16473 0 0 0 0 0 0 0 0 0 0 0 0
13133 13132 15436 15437 15441 15438 0 0 0 0 0 0 0 0 0 0 0 0
13122 13124 13118 15435 15436 13132 0 0 0 0 0 0 0 0 0 0 0 0
13118 14833 14834 16870 16871 15435 0 0 0 0 0 0 0 0 0 0 0 0
14837 14836 17610 17612 14834 14833 14835 0 0 0 0 0 0 0 0 0 0 0
14836 17617 17616 17609 17610 0 0 0 0 0 0 0 0 0 0 0 0 0
17615 17613 17614 17616 17617 17618 0 0 0 0 0 0 0 0 0 0 0 0
14832 14831 14830 16866 17614 17613 0 0 0 0 0 0 0 0 0 0 0 0
14827 14826 14828 14831 14832 14829 0 0 0 0 0 0 0 0 0 0 0 0
14826 2227 4236 13137 13138 14828 0 0 0 0 0 0 0 0 0 0 0 0
2228 2226 2225 4235 4236 2227 0 0 0 0 0 0 0 0 0 0 0 0
2224 4198 4199 4234 4235 2225 0 0 0 0 0 0 0 0 0 0 0 0
6867 4242 4241 4197 4198 2224 6868 0 0 0 0 0 0 0 0 0 0 0
4242 4240 4239 4241 0 0 0 0 0 0 0 0 0 0 0 0 0 0
9785 13105 13104 4960 2748 4239 4240 9784 0 0 0 0 0 0 0 0 0 0
13105 13103 15396 15395 13104 0 0 0 0 0 0 0 0 0 0 0 0 0
15393 15394 15398 15396 13103 10493 0 0 0 0 0 0 0 0 0 0 0 0
15391 7689 7688 15400 15398 15394 0 0 0 0 0 0 0 0 0 0 0 0
13094 10501 7686 7689 15391 15392 0 0 0 0 0 0 0 0 0 0 0 0
10501 10499 7697 7704 7701 7687 7686 0 0 0 0 0 0 0 0 0 0 0
7696 7699 7698 7697 10499 10498 0 0 0 0 0 0 0 0 0 0 0 0
7699 2757 2756 2755 7698 0 0 0 0 0 0 0 0 0 0 0 0 0
7257 7260 7259 7258 7256 0 0 0 0 0 0 0 0 0 0 0 0 0
12820 12819 2741 2752 7258 7259 0 0 0 0 0 0 0 0 0 0 0 0
12818 12816 12815 12817 12819 12820 0 0 0 0 0 0 0 0 0 0 0 0
12815 4547 4541 4542 2483 12817 0 0 0 0 0 0 0 0 0 0 0 0
10164 10163 4539 4541 4547 4546 0 0 0 0 0 0 0 0 0 0 0 0
10163 10162 7236 7249 7248 4539 0 0 0 0 0 0 0 0 0 0 0 0
10184 10183 12809 12808 7236 10162 0 0 0 0 0 0 0 0 0 0 0 0
12806 12812 12811 12807 12808 12809 0 0 0 0 0 0 0 0 0 0 0 0
4535 4534 12813 12812 12806 4533 0 0 0 0 0 0 0 0 0 0 0 0
12133 14560 14562 12814 12813 4534 0 0 0 0 0 0 0 0 0 0 0 0
16476 12132 14559 14560 12133 16474 0 0 0 0 0 0 0 0 0 0 0 0
15437 16869 16868 15434 15440 15441 0 0 0 0 0 0 0 0 0 0 0 0
15435 16871 16872 16869 15437 15436 0 0 0 0 0 0 0 0 0 0 0 0
16871 16870 16873 16874 16875 16872 0 0 0 0 0 0 0 0 0 0 0 0
14834 17612 17611 13119 16873 16870 0 0 0 0 0 0 0 0 0 0 0 0
17609 17606 17608 17607 17611 17612 17610 0 0 0 0 0 0 0 0 0 0 0
17616 17614 16866 16867 17606 17609 0 0 0 0 0 0 0 0 0 0 0 0
16866 14830 10516 13146 15432 16867 0 0 0 0 0 0 0 0 0 0 0 0
14831 14828 13138 13136 10516 14830 0 0 0 0 0 0 0 0 0 0 0 0
13137 13140 13141 13139 13136 13138 0 0 0 0 0 0 0 0 0 0 0 0
4235 4234 10519 13140 13137 4236 0 0 0 0 0 0 0 0 0 0 0 0
4199 6803 6866 10520 10519 4234 0 0 0 0 0 0 0 0 0 0 0 0
4198 4197 6802 6803 4199 0 0 0 0 0 0 0 0 0 0 0 0 0
4241 4239 2748 2750 6801 6802 4197 0 0 0 0 0 0 0 0 0 0 0
2748 4960 4958 2747 2749 2750 0 0 0 0 0 0 0 0 0 0 0 0
13104 15395 15397 4959 4958 4960 0 0 0 0 0 0 0 0 0 0 0 0
15396 15398 15400 15399 15397 15395 0 0 0 0 0 0 0 0 0 0 0 0
7688 7685 4957 4956 15399 15400 0 0 0 0 0 0 0 0 0 0 0 0
7689 7686 7687 7685 7688 0 0 0 0 0 0 0 0 0 0 0 0 0
7704 7703 7702 7700 7701 0 0 0 0 0 0 0 0 0 0 0 0 0
7697 7698 2755 1224 7703 7704 0 0 0 0 0 0 0 0 0 0 0 0
2755 2756 2753 2738 2740 1225 1224 0 0 0 0 0 0 0 0 0 0 0
7256 7258 2752 2754 2753 2756 2757 0 0 0 0 0 0 0 0 0 0 0
2752 2741 2742 4945 4948 2754 0 0 0 0 0 0 0 0 0 0 0 0
12817 2483 2482 2742 2741 12819 0 0 0 0 0 0 0 0 0 0 0 0
4542 4540 2480 2479 2481 2482 2483 0 0 0 0 0 0 0 0 0 0 0
4541 4539 7248 7251 4540 4542 0 0 0 0 0 0 0 0 0 0 0 0
7249 7253 7252 7250 7251 7248 0 0 0 0 0 0 0 0 0 0 0 0
7236 12808 12807 7243 7253 7249 0 0 0 0 0 0 0 0 0 0 0 0
12807 12811 15182 15181 7244 7243 0 0 0 0 0 0 0 0 0 0 0 0
12813 12814 12810 15179 15182 12811 12812 0 0 0 0 0 0 0 0 0 0 0
12814 14562 14561 10171 12810 0 0 0 0 0 0 0 0 0 0 0 0 0
14560 14559 14558 14557 14561 14562 0 0 0 0 0 0 0 0 0 0 0 0
15434 16868 17620 17619 5510 5509 0 0 0 0 0 0 0 0 0 0 0 0
16869 16872 16875 17621 17620 16868 0 0 0 0 0 0 0 0 0 0 0 0
16874 15423 15424 17622 17621 16875 0 0 0 0 0 0 0 0 0 0 0 0
13119 15428 15427 15423 16874 16873 0 0 0 0 0 0 0 0 0 0 0 0
17611 17607 15425 15428 13119 0 0 0 0 0 0 0 0 0 0 0 0 0
16867 15432 15433 17608 17606 0 0 0 0 0 0 0 0 0 0 0 0 0
13146 13147 13148 13149 13150 15433 15432 0 0 0 0 0 0 0 0 0 0 0
13136 13139 10518 13147 13146 10516 0 0 0 0 0 0 0 0 0 0 0 0
13139 13141 13154 13155 13143 10518 0 0 0 0 0 0 0 0 0 0 0 0
13140 10519 10520 13151 13154 13141 0 0 0 0 0 0 0 0 0 0 0 0
10520 6866 12345 12346 9731 13152 13151 0 0 0 0 0 0 0 0 0 0 0
6803 6802 6801 12347 12345 6866 0 0 0 0 0 0 0 0 0 0 0 0
6801 2750 2749 1009 14699 14700 12347 0 0 0 0 0 0 0 0 0 0 0
2747 366 1008 1009 2749 0 0 0 0 0 0 0 0 0 0 0 0 0
4959 2751 1010 366 2747 4958 0 0 0 0 0 0 0 0 0 0 0 0
15399 4956 4955 2751 4959 15397 0 0 0 0 0 0 0 0 0 0 0 0
4956 4957 7690 7693 4954 4955 0 0 0 0 0 0 0 0 0 0 0 0
7687 7701 7700 7691 7690 4957 7685 0 0 0 0 0 0 0 0 0 0 0
7700 7702 4962 4961 7695 7691 0 0 0 0 0 0 0 0 0 0 0 0
7703 1224 1225 4962 7702 0 0 0 0 0 0 0 0 0 0 0 0 0
2738 4938 4940 2739 2740 0 0 0 0 0 0 0 0 0 0 0 0 0
2754 4948 4947 4939 4938 2738 2753 0 0 0 0 0 0 0 0 0 0 0
4948 4945 4944 4946 4947 0 0 0 0 0 0 0 0 0 0 0 0 0
2482 2481 2478 4944 4945 2742 0 0 0 0 0 0 0 0 0 0 0 0
2481 2479 413 439 2478 0 0 0 0 0 0 0 0 0 0 0 0 0
4540 7251 7250 1145 2480 0 0 0 0 0 0 0 0 0 0 0 0 0
7250 7252 7245 4538 414 1145 0 0 0 0 0 0 0 0 0 0 0 0
7243 7244 7246 7247 7245 7252 7253 0 0 0 0 0 0 0 0 0 0 0
7244 15181 15180 7238 7246 0 0 0 0 0 0 0 0 0 0 0 0 0
15179 15178 15180 15181 15182 0 0 0 0 0 0 0 0 0 0 0 0 0
10171 7242 7240 7241 15178 15179 12810 0 0 0 0 0 0 0 0 0 0 0
14557 6574 2476 7242 10171 14561 0 0 0 0 0 0 0 0 0 0 0 0
17619 17623 7705 13184 13186 5510 0 0 0 0 0 0 0 0 0 0 0 0
17621 17622 17624 17623 17619 17620 0 0 0 0 0 0 0 0 0 0 0 0
17622 15424 10515 7710 7709 17624 0 0 0 0 0 0 0 0 0 0 0 0
15423 15427 15429 10515 15424 0 0 0 0 0 0 0 0 0 0 0 0 0
15425 15426 15431 15430 15429 15427 15428 0 0 0 0 0 0 0 0 0 0 0
17608 15433 13150 15426 15425 17607 0 0 0 0 0 0 0 0 0 0 0 0
13148 10517 10526 10527 7712 10522 13149 0 0 0 0 0 0 0 0 0 0 0
13147 10518 13143 13142 10517 13148 0 0 0 0 0 0 0 0 0 0 0 0
13143 13155 13156 13145 13144 13142 0 0 0 0 0 0 0 0 0 0 0 0
13154 13151 13152 13153 13156 13155 0 0 0 0 0 0 0 0 0 0 0 0
9731 17391 17390 10521 13153 13152 0 0 0 0 0 0 0 0 0 0 0 0
12347 14700 14696 12346 12345 0 0 0 0 0 0 0 0 0 0 0 0 0
14699 14698 14697 14695 14696 14700 0 0 0 0 0 0 0 0 0 0 0 0
1009 1008 1007 14698 14699 0 0 0 0 0 0 0 0 0 0 0 0 0
1010 2213 2212 365 1007 1008 366 0 0 0 0 0 0 0 0 0 0 0
4955 4954 1011 2215 2213 1010 2751 0 0 0 0 0 0 0 0 0 0 0
4954 7693 7692 367 1011 0 0 0 0 0 0 0 0 0 0 0 0 0
7691 7695 7694 7692 7693 7690 0 0 0 0 0 0 0 0 0 0 0 0
4961 2731 2734 2735 7694 7695 0 0 0 0 0 0 0 0 0 0 0 0
1225 2740 2739 1222 2731 4961 4962 0 0 0 0 0 0 0 0 0 0 0
2739 4940 7684 7683 2730 1222 0 0 0 0 0 0 0 0 0 0 0 0
4938 4939 7679 7684 4940 0 0 0 0 0 0 0 0 0 0 0 0 0
4946 4942 4943 7681 7679 4939 4947 0 0 0 0 0 0 0 0 0 0 0
4944 2478 439 4941 4942 4946 0 0 0 0 0 0 0 0 0 0 0 0
413 6378 10491 10487 4941 439 0 0 0 0 0 0 0 0 0 0 0 0
2480 1145 414 6375 6378 413 2479 0 0 0 0 0 0 0 0 0 0 0
414 4538 4537 6374 6376 6375 0 0 0 0 0 0 0 0 0 0 0 0
7245 7247 7239 4537 4538 0 0 0 0 0 0 0 0 0 0 0 0 0
7246 7238 7237 10165 10166 7239 7247 0 0 0 0 0 0 0 0 0 0 0
15180 15178 7241 4536 7237 7238 0 0 0 0 0 0 0 0 0 0 0 0
7240 2474 7228 7226 4536 7241 0 0 0 0 0 0 0 0 0 0 0 0
7242 2476 2477 2475 2474 7240 0 0 0 0 0 0 0 0 0 0 0 0
7705 10502 10503 10537 13185 13184 0 0 0 0 0 0 0 0 0 0 0 0
17624 7709 10549 10550 10502 7705 17623 0 0 0 0 0 0 0 0 0 0 0
7710 7708 10547 10549 7709 0 0 0 0 0 0 0 0 0 0 0 0 0
10515 15429 15430 7707 7708 7710 0 0 0 0 0 0 0 0 0 0 0 0
15431 10523 7706 4968 7707 15430 0 0 0 0 0 0 0 0 0 0 0 0
15426 13150 13149 10522 10523 15431 0 0 0 0 0 0 0 0 0 0 0 0
7712 10527 15447 15446 7711 0 0 0 0 0 0 0 0 0 0 0 0 0
13142 13144 10524 10526 10517 0 0 0 0 0 0 0 0 0 0 0 0 0
13145 11875 11874 10525 10524 13144 0 0 0 0 0 0 0 0 0 0 0 0
13156 13153 10521 11876 11875 13145 0 0 0 0 0 0 0 0 0 0 0 0
10521 17390 17385 14312 11876 0 0 0 0 0 0 0 0 0 0 0 0 0
12346 14696 14695 17387 17391 9731 0 0 0 0 0 0 0 0 0 0 0 0
14697 9186 11873 17388 17387 14695 0 0 0 0 0 0 0 0 0 0 0 0
14698 1007 365 9187 9186 14697 0 0 0 0 0 0 0 0 0 0 0 0
365 2212 2214 2217 9188 9187 0 0 0 0 0 0 0 0 0 0 0 0
2213 2215 2216 2214 2212 0 0 0 0 0 0 0 0 0 0 0 0 0
367 368 369 1015 2216 2215 1011 0 0 0 0 0 0 0 0 0 0 0
7692 7694 2735 2736 368 367 0 0 0 0 0 0 0 0 0 0 0 0
2735 2734 2732 2733 2737 2736 0 0 0 0 0 0 0 0 0 0 0 0
1222 2730 2729 2732 2734 2731 0 0 0 0 0 0 0 0 0 0 0 0
7683 7682 4936 4932 2729 2730 0 0 0 0 0 0 0 0 0 0 0 0
7679 7681 7680 7682 7683 7684 0 0 0 0 0 0 0 0 0 0 0 0
4943 7678 7675 4937 7680 7681 0 0 0 0 0 0 0 0 0 0 0 0
4942 4941 10487 10488 7678 4943 0 0 0 0 0 0 0 0 0 0 0 0
10487 10491 10492 10490 10489 10488 0 0 0 0 0 0 0 0 0 0 0 0
6375 6376 6377 10492 10491 6378 0 0 0 0 0 0 0 0 0 0 0 0
6374 7235 7234 6373 6377 6376 0 0 0 0 0 0 0 0 0 0 0 0
7239 10166 10169 7235 6374 4537 0 0 0 0 0 0 0 0 0 0 0 0
10165 10167 10168 10170 10169 10166 0 0 0 0 0 0 0 0 0 0 0 0
4536 7226 7225 10167 10165 7237 0 0 0 0 0 0 0 0 0 0 0 0
7228 7227 7229 7231 7225 7226 0 0 0 0 0 0 0 0 0 0 0 0
2475 4530 4531 7227 7228 2474 0 0 0 0 0 0 0 0 0 0 0 0
10537 10503 14694 14693 7716 10538 0 0 0 0 0 0 0 0 0 0 0 0
10502 10550 14692 14694 10503 0 0 0 0 0 0 0 0 0 0 0 0 0
10549 10547 10548 12329 14691 14692 10550 0 0 0 0 0 0 0 0 0 0 0
7707 4968 7724 10548 10547 7708 0 0 0 0 0 0 0 0 0 0 0 0
7706 10513 10514 7723 7724 4968 0 0 0 0 0 0 0 0 0 0 0 0
10522 7712 7711 10512 10513 7706 10523 0 0 0 0 0 0 0 0 0 0 0
7711 15446 16877 16876 10512 0 0 0 0 0 0 0 0 0 0 0 0 0
10526 10524 10525 15444 15447 10527 0 0 0 0 0 0 0 0 0 0 0 0
10525 11874 16889 16890 15445 15444 0 0 0 0 0 0 0 0 0 0 0 0
11876 14312 16887 16889 11874 11875 0 0 0 0 0 0 0 0 0 0 0 0
14312 17385 17386 16320 16885 16887 0 0 0 0 0 0 0 0 0 0 0 0
17387 17388 17389 17386 17385 17390 17391 0 0 0 0 0 0 0 0 0 0 0
11873 14744 14743 16323 17389 17388 0 0 0 0 0 0 0 0 0 0 0 0
9187 9188 14747 14744 11873 9186 0 0 0 0 0 0 0 0 0 0 0 0
2217 2223 2222 14746 14747 9188 0 0 0 0 0 0 0 0 0 0 0 0
2216 1015 2219 2223 2217 2214 0 0 0 0 0 0 0 0 0 0 0 0
369 1014 1013 2218 2219 1015 0 0 0 0 0 0 0 0 0 0 0 0
2736 2737 1223 1012 1014 369 368 0 0 0 0 0 0 0 0 0 0 0
2737 2733 3911 3910 1223 0 0 0 0 0 0 0 0 0 0 0 0 0
2729 4932 4934 3911 2733 2732 0 0 0 0 0 0 0 0 0 0 0 0
4932 4936 4935 4933 4934 0 0 0 0 0 0 0 0 0 0 0 0 0
7682 7680 4937 1982 899 4935 4936 0 0 0 0 0 0 0 0 0 0 0
7675 7677 3860 3858 1982 4937 0 0 0 0 0 0 0 0 0 0 0 0
10488 10489 7676 7677 7675 7678 0 0 0 0 0 0 0 0 0 0 0 0
10490 3856 11890 11889 7676 10489 0 0 0 0 0 0 0 0 0 0 0 0
10492 6377 6373 3855 3856 10490 0 0 0 0 0 0 0 0 0 0 0 0
7234 11880 11881 9202 3855 6373 0 0 0 0 0 0 0 0 0 0 0 0
10169 10170 11884 11880 7234 7235 0 0 0 0 0 0 0 0 0 0 0 0
10170 10168 4532 9539 11885 11884 0 0 0 0 0 0 0 0 0 0 0 0
10167 7225 7231 7230 4532 10168 0 0 0 0 0 0 0 0 0 0 0 0
7231 7229 10158 14662 14659 7230 0 0 0 0 0 0 0 0 0 0 0 0
7227 4531 7232 10159 10158 7229 0 0 0 0 0 0 0 0 0 0 0 0
14693 16513 16515 7725 7717 7716 0 0 0 0 0 0 0 0 0 0 0 0
14692 14691 16514 16513 14693 14694 0 0 0 0 0 0 0 0 0 0 0 0
12329 12328 14689 16517 16514 14691 0 0 0 0 0 0 0 0 0 0 0 0
10548 7724 7723 7722 12328 12329 0 0 0 0 0 0 0 0 0 0 0 0
7723 10514 13134 14726 14723 7722 0 0 0 0 0 0 0 0 0 0 0 0
10512 16876 16878 13134 10514 10513 0 0 0 0 0 0 0 0 0 0 0 0
16877 16881 16883 16879 16878 16876 0 0 0 0 0 0 0 0 0 0 0 0
15444 15445 16880 16881 16877 15446 15447 0 0 0 0 0 0 0 0 0 0 0
16890 16888 17939 17942 16880 15445 0 0 0 0 0 0 0 0 0 0 0 0
16887 16885 16886 16888 16890 16889 0 0 0 0 0 0 0 0 0 0 0 0
16320 16322 17482 17483 16886 16885 0 0 0 0 0 0 0 0 0 0 0 0
17386 17389 16323 16321 16322 16320 0 0 0 0 0 0 0 0 0 0 0 0
16323 14743 14742 12373 14741 16321 0 0 0 0 0 0 0 0 0 0 0 0
14744 14747 14746 14745 14742 14743 0 0 0 0 0 0 0 0 0 0 0 0
14746 2222 2221 14749 14748 14745 0 0 0 0 0 0 0 0 0 0 0 0
2223 2219 2218 2220 2221 2222 0 0 0 0 0 0 0 0 0 0 0 0
2218 1013 3913 3916 120 2220 0 0 0 0 0 0 0 0 0 0 0 0
1014 1012 3914 3913 1013 0 0 0 0 0 0 0 0 0 0 0 0 0
1223 3910 6432 6431 3915 3914 1012 0 0 0 0 0 0 0 0 0 0 0
4934 4933 6429 6432 3910 3911 0 0 0 0 0 0 0 0 0 0 0 0
4933 4935 899 898 3921 6430 6429 0 0 0 0 0 0 0 0 0 0 0
1982 3858 3857 898 899 0 0 0 0 0 0 0 0 0 0 0 0 0
3858 3860 3859 3909 3908 3857 0 0 0 0 0 0 0 0 0 0 0 0
7676 11889 11886 3859 3860 7677 0 0 0 0 0 0 0 0 0 0 0 0
11889 11890 11891 11888 11887 11886 0 0 0 0 0 0 0 0 0 0 0 0
3855 9202 9203 11891 11890 3856 0 0 0 0 0 0 0 0 0 0 0 0
9202 11881 11882 9536 9537 9203 0 0 0 0 0 0 0 0 0 0 0 0
11880 11884 11885 11883 11882 11881 0 0 0 0 0 0 0 0 0 0 0 0
9539 12194 12197 12198 11883 11885 0 0 0 0 0 0 0 0 0 0 0 0
4532 7230 14659 14660 12194 9539 0 0 0 0 0 0 0 0 0 0 0 0
14659 14662 14661 14658 14657 14660 0 0 0 0 0 0 0 0 0 0 0 0
10159 12800 12803 14661 14662 10158 0 0 0 0 0 0 0 0 0 0 0 0
16515 16516 12332 7726 7727 7725 0 0 0 0 0 0 0 0 0 0 0 0
16514 16517 16518 16516 16515 16513 0 0 0 0 0 0 0 0 0 0 0 0
16517 14689 14731 14732 14690 16518 0 0 0 0 0 0 0 0 0 0 0 0
7722 14723 14724 14729 14731 14689 12328 0 0 0 0 0 0 0 0 0 0 0
14723 14726 14727 14725 14724 0 0 0 0 0 0 0 0 0 0 0 0 0
16878 16879 13135 14727 14726 13134 0 0 0 0 0 0 0 0 0 0 0 0
16879 16883 16882 12368 12367 13135 0 0 0 0 0 0 0 0 0 0 0 0
16881 16880 17942 17941 16882 16883 0 0 0 0 0 0 0 0 0 0 0 0
17939 17937 17938 17940 17941 17942 0 0 0 0 0 0 0 0 0 0 0 0
16888 16886 17483 17485 17937 17939 0 0 0 0 0 0 0 0 0 0 0 0
17483 17482 17481 17480 17484 17485 0 0 0 0 0 0 0 0 0 0 0 0
16321 14741 16534 17481 17482 16322 0 0 0 0 0 0 0 0 0 0 0 0
12373 16540 16538 16532 16534 14741 0 0 0 0 0 0 0 0 0 0 0 0
14742 14745 14748 16541 16540 12373 0 0 0 0 0 0 0 0 0 0 0 0
14749 14750 14752 14751 16537 16541 14748 0 0 0 0 0 0 0 0 0 0 0
2220 120 9217 14750 14749 2221 0 0 0 0 0 0 0 0 0 0 0 0
3916 3917 1997 9218 9217 120 0 0 0 0 0 0 0 0 0 0 0 0
3914 3915 3912 3917 3916 3913 0 0 0 0 0 0 0 0 0 0 0 0
6431 9248 9247 1999 3912 3915 0 0 0 0 0 0 0 0 0 0 0 0
6432 6429 6430 9246 9248 6431 0 0 0 0 0 0 0 0 0 0 0 0
3921 6427 6428 9245 9246 6430 0 0 0 0 0 0 0 0 0 0 0 0
898 3857 3908 6426 6427 3921 0 0 0 0 0 0 0 0 0 0 0 0
3909 3907 3906 6425 6426 3908 0 0 0 0 0 0 0 0 0 0 0 0
3859 11886 11887 9210 3907 3909 0 0 0 0 0 0 0 0 0 0 0 0
11888 9212 9213 9211 9210 11887 0 0 0 0 0 0 0 0 0 0 0 0
11891 9203 9537 9535 9212 11888 0 0 0 0 0 0 0 0 0 0 0 0
9536 9534 9533 9532 9535 9537 0 0 0 0 0 0 0 0 0 0 0 0
11883 12198 12199 9534 9536 11882 0 0 0 0 0 0 0 0 0 0 0 0
12198 12197 12196 12195 12200 12199 0 0 0 0 0 0 0 0 0 0 0 0
14660 14657 12193 12196 12197 12194 0 0 0 0 0 0 0 0 0 0 0 0
14658 10157 10156 9538 12193 14657 0 0 0 0 0 0 0 0 0 0 0 0
12803 12802 10155 10157 14658 14661 0 0 0 0 0 0 0 0 0 0 0 0
7726 12332 12330 4191 4190 7715 0 0 0 0 0 0 0 0 0 0 0 0
16518 14690 12331 12330 12332 16516 0 0 0 0 0 0 0 0 0 0 0 0
14690 14732 14730 9717 9718 12331 0 0 0 0 0 0 0 0 0 0 0 0
14729 14728 14730 14732 14731 0 0 0 0 0 0 0 0 0 0 0 0 0
14725 12363 14712 14711 14728 14729 14724 0 0 0 0 0 0 0 0 0 0 0
14727 13135 12367 9743 12363 14725 0 0 0 0 0 0 0 0 0 0 0 0
12367 12368 17477 17478 12364 9743 0 0 0 0 0 0 0 0 0 0 0 0
16882 17941 17940 17628 17477 12368 0 0 0 0 0 0 0 0 0 0 0 0
17940 17938 17626 17625 17627 17628 0 0 0 0 0 0 0 0 0 0 0 0
17937 17485 17484 16884 17626 17938 0 0 0 0 0 0 0 0 0 0 0 0
17484 17480 16535 14737 14736 16884 0 0 0 0 0 0 0 0 0 0 0 0
16534 16532 16533 16535 17480 17481 0 0 0 0 0 0 0 0 0 0 0 0
16532 16538 16539 14740 14739 16533 0 0 0 0 0 0 0 0 0 0 0 0
16541 16537 16536 16539 16538 16540 0 0 0 0 0 0 0 0 0 0 0 0
14751 11897 6392 9752 16536 16537 0 0 0 0 0 0 0 0 0 0 0 0
9217 9218 9219 11899 14752 14750 0 0 0 0 0 0 0 0 0 0 0 0
9218 1997 1998 1986 9219 0 0 0 0 0 0 0 0 0 0 0 0 0
3917 3912 1999 1996 1998 1997 0 0 0 0 0 0 0 0 0 0 0 0
9247 11900 11902 902 1996 1999 0 0 0 0 0 0 0 0 0 0 0 0
9248 9246 9245 11901 11900 9247 0 0 0 0 0 0 0 0 0 0 0 0
9245 6428 9242 9243 11904 11901 0 0 0 0 0 0 0 0 0 0 0 0
6427 6426 6425 9239 9242 6428 0 0 0 0 0 0 0 0 0 0 0 0
6425 3906 3854 3853 6435 9240 9239 0 0 0 0 0 0 0 0 0 0 0
9210 9211 6371 3854 3906 3907 0 0 0 0 0 0 0 0 0 0 0 0
9213 9205 9204 6372 6371 9211 0 0 0 0 0 0 0 0 0 0 0 0
9535 9532 9207 9205 9213 9212 0 0 0 0 0 0 0 0 0 0 0 0
9532 9533 6642 6370 9209 9207 0 0 0 0 0 0 0 0 0 0 0 0
9534 12199 12200 9543 6642 9533 0 0 0 0 0 0 0 0 0 0 0 0
12200 12195 9541 9540 9542 9543 0 0 0 0 0 0 0 0 0 0 0 0
12196 12193 9538 6643 9541 12195 0 0 0 0 0 0 0 0 0 0 0 0
10156 15162 15163 9548 6643 9538 0 0 0 0 0 0 0 0 0 0 0 0
10157 10155 12795 15161 15162 10156 0 0 0 0 0 0 0 0 0 0 0 0
4190 4191 6793 12316 12317 10531 0 0 0 0 0 0 0 0 0 0 0 0
12331 9718 6794 6793 4191 12330 0 0 0 0 0 0 0 0 0 0 0 0
9718 9717 9738 9739 6795 6794 0 0 0 0 0 0 0 0 0 0 0 0
14730 14728 14711 14709 9738 9717 0 0 0 0 0 0 0 0 0 0 0 0
14712 14708 14707 14710 14709 14711 0 0 0 0 0 0 0 0 0 0 0 0
9743 12364 12366 14708 14712 12363 0 0 0 0 0 0 0 0 0 0 0 0
17478 17479 14735 12365 12366 12364 0 0 0 0 0 0 0 0 0 0 0 0
17628 17627 17476 17479 17478 17477 0 0 0 0 0 0 0 0 0 0 0 0
17625 16531 16530 16529 17476 17627 0 0 0 0 0 0 0 0 0 0 0 0
16884 14736 16520 16531 17625 17626 0 0 0 0 0 0 0 0 0 0 0 0
14737 14738 16522 16524 16520 14736 0 0 0 0 0 0 0 0 0 0 0 0
16535 16533 14739 12372 14738 14737 0 0 0 0 0 0 0 0 0 0 0 0
14739 14740 9750 6808 9749 12372 0 0 0 0 0 0 0 0 0 0 0 0
16539 16536 9752 9751 9750 14740 0 0 0 0 0 0 0 0 0 0 0 0
9752 6392 3881 3882 9751 0 0 0 0 0 0 0 0 0 0 0 0 0
14752 11899 11898 11897 14751 0 0 0 0 0 0 0 0 0 0 0 0 0
1986 3872 3880 3876 11898 11899 9219 0 0 0 0 0 0 0 0 0 0 0
1996 902 3871 3872 1986 1998 0 0 0 0 0 0 0 0 0 0 0 0
11902 11903 3919 3874 3871 902 0 0 0 0 0 0 0 0 0 0 0 0
11901 11904 11905 11903 11902 11900 0 0 0 0 0 0 0 0 0 0 0 0
9243 9244 3925 3922 11905 11904 0 0 0 0 0 0 0 0 0 0 0 0
9242 9239 9240 9241 9244 9243 0 0 0 0 0 0 0 0 0 0 0 0
9240 6435 6434 6433 9241 0 0 0 0 0 0 0 0 0 0 0 0 0
6371 6372 3852 3853 3854 0 0 0 0 0 0 0 0 0 0 0 0 0
6372 9204 9206 1981 1980 3852 0 0 0 0 0 0 0 0 0 0 0 0
9205 9207 9209 9208 9206 9204 0 0 0 0 0 0 0 0 0 0 0 0
6370 2489 2490 4020 4019 415 9208 9209 0 0 0 0 0 0 0 0 0 0
9543 9542 2488 2489 6370 6642 0 0 0 0 0 0 0 0 0 0 0 0
9542 9540 6645 6644 2487 2488 0 0 0 0 0 0 0 0 0 0 0 0
6643 9548 9549 6645 9540 9541 0 0 0 0 0 0 0 0 0 0 0 0
9548 15163 15164 12204 12201 9549 0 0 0 0 0 0 0 0 0 0 0 0
15161 15160 15165 15164 15163 15162 0 0 0 0 0 0 0 0 0 0 0 0
12316 12315 12314 13159 13160 12317 0 0 0 0 0 0 0 0 0 0 0 0
6793 6794 6795 9704 12315 12316 0 0 0 0 0 0 0 0 0 0 0 0
9739 9740 12320 12318 9704 6795 0 0 0 0 0 0 0 0 0 0 0 0
14709 14710 9741 9740 9739 9738 0 0 0 0 0 0 0 0 0 0 0 0
14710 14707 14701 14702 12352 9741 0 0 0 0 0 0 0 0 0 0 0 0
12366 12365 14704 14701 14707 14708 0 0 0 0 0 0 0 0 0 0 0 0
12365 14735 14734 12361 14705 14704 0 0 0 0 0 0 0 0 0 0 0 0
17479 17476 16529 14733 14734 14735 0 0 0 0 0 0 0 0 0 0 0 0
16529 16530 16519 14720 14719 14733 0 0 0 0 0 0 0 0 0 0 0 0
16531 16520 16524 16523 16519 16530 0 0 0 0 0 0 0 0 0 0 0 0
16522 16521 17471 17473 16523 16524 0 0 0 0 0 0 0 0 0 0 0 0
12372 9749 12374 16521 16522 14738 0 0 0 0 0 0 0 0 0 0 0 0
6808 4220 4219 12375 12374 9749 0 0 0 0 0 0 0 0 0 0 0 0
9750 9751 3882 2211 4220 6808 0 0 0 0 0 0 0 0 0 0 0 0
3881 1983 6383 6384 2211 3882 0 0 0 0 0 0 0 0 0 0 0 0
11897 11898 3876 3875 1983 3881 6392 0 0 0 0 0 0 0 0 0 0 0
3876 3880 3879 3878 3877 3875 0 0 0 0 0 0 0 0 0 0 0 0
3872 3871 3874 3873 3879 3880 0 0 0 0 0 0 0 0 0 0 0 0
3874 3919 3920 2002 903 3873 0 0 0 0 0 0 0 0 0 0 0 0
11905 3922 3918 3920 3919 11903 0 0 0 0 0 0 0 0 0 0 0 0
3922 3925 3923 2004 2000 3918 0 0 0 0 0 0 0 0 0 0 0 0
9241 6433 3924 3923 3925 9244 0 0 0 0 0 0 0 0 0 0 0 0
6433 6434 6419 6418 2005 3924 0 0 0 0 0 0 0 0 0 0 0 0
3853 3852 1980 6420 6419 6434 6435 0 0 0 0 0 0 0 0 0 0 0
1981 2485 3889 9227 9226 6420 1980 0 0 0 0 0 0 0 0 0 0 0
9208 415 2484 2485 1981 9206 0 0 0 0 0 0 0 0 0 0 0 0
4020 4018 4017 4019 0 0 0 0 0 0 0 0 0 0 0 0 0 0
2489 2488 2487 2486 2490 0 0 0 0 0 0 0 0 0 0 0 0 0
6644 9545 9546 1146 2486 2487 0 0 0 0 0 0 0 0 0 0 0 0
9549 12201 12202 9545 6644 6645 0 0 0 0 0 0 0 0 0 0 0 0
12204 12203 12205 12206 12202 12201 0 0 0 0 0 0 0 0 0 0 0 0
15165 10154 6646 12203 12204 15164 0 0 0 0 0 0 0 0 0 0 0 0
13159 12314 12327 12326 9699 13158 0 0 0 0 0 0 0 0 0 0 0 0
9704 12318 12319 12324 12327 12314 12315 0 0 0 0 0 0 0 0 0 0 0
12318 12320 12321 12322 12319 0 0 0 0 0 0 0 0 0 0 0 0 0
9741 12352 12350 12321 12320 9740 0 0 0 0 0 0 0 0 0 0 0 0
14702 14703 12349 12351 12350 12352 0 0 0 0 0 0 0 0 0 0 0 0
14701 14704 14705 14706 14703 14702 0 0 0 0 0 0 0 0 0 0 0 0
12361 12362 14718 14713 12348 14706 14705 0 0 0 0 0 0 0 0 0 0 0
14733 14719 14722 12362 12361 14734 0 0 0 0 0 0 0 0 0 0 0 0
14720 16526 16525 14721 14722 14719 0 0 0 0 0 0 0 0 0 0 0 0
16523 17473 17475 16526 14720 16519 0 0 0 0 0 0 0 0 0 0 0 0
17473 17471 17470 17472 17474 17475 0 0 0 0 0 0 0 0 0 0 0 0
12374 12375 12376 12377 17470 17471 16521 0 0 0 0 0 0 0 0 0 0 0
12375 4219 6382 6813 12376 0 0 0 0 0 0 0 0 0 0 0 0 0
2211 6384 6387 6382 4219 4220 0 0 0 0 0 0 0 0 0 0 0 0
6384 6383 6385 6386 6388 6387 0 0 0 0 0 0 0 0 0 0 0 0
3875 3877 6380 6385 6383 1983 0 0 0 0 0 0 0 0 0 0 0 0
3877 3878 6444 6445 6379 6380 0 0 0 0 0 0 0 0 0 0 0 0
3873 903 6442 6444 3878 3879 0 0 0 0 0 0 0 0 0 0 0 0
903 2002 2003 2010 6440 6442 0 0 0 0 0 0 0 0 0 0 0 0
3918 2000 2001 2003 2002 3920 0 0 0 0 0 0 0 0 0 0 0 0
2004 6436 6437 2007 2001 2000 0 0 0 0 0 0 0 0 0 0 0 0
3924 2005 6439 6436 2004 3923 0 0 0 0 0 0 0 0 0 0 0 0
6418 9232 9234 9237 6439 2005 0 0 0 0 0 0 0 0 0 0 0 0
6420 9226 9231 9232 6418 6419 0 0 0 0 0 0 0 0 0 0 0 0
9227 9228 9230 9231 9226 0 0 0 0 0 0 0 0 0 0 0 0 0
2484 3890 3889 2485 0 0 0 0 0 0 0 0 0 0 0 0 0 0
415 4019 4017 4015 4016 3890 2484 0 0 0 0 0 0 0 0 0 0 0
2490 2486 1146 2076 4018 4020 0 0 0 0 0 0 0 0 0 0 0 0
9546 9547 946 2075 2076 1146 0 0 0 0 0 0 0 0 0 0 0 0
9545 12202 12206 9544 9547 9546 0 0 0 0 0 0 0 0 0 0 0 0
12206 12205 6647 6637 6640 9544 0 0 0 0 0 0 0 0 0 0 0 0
12203 6646 9551 9550 6647 12205 0 0 0 0 0 0 0 0 0 0 0 0
12326 12325 9716 9711 9700 9699 0 0 0 0 0 0 0 0 0 0 0 0
12327 12324 12323 12325 12326 0 0 0 0 0 0 0 0 0 0 0 0 0
12319 12322 9709 9706 12323 12324 0 0 0 0 0 0 0 0 0 0 0 0
12321 12350 12351 9705 9708 9709 12322 0 0 0 0 0 0 0 0 0 0 0
12351 12349 9742 9744 9747 9705 0 0 0 0 0 0 0 0 0 0 0 0
14703 14706 12348 9742 12349 0 0 0 0 0 0 0 0 0 0 0 0 0
14713 14718 14717 14716 14714 14715 0 0 0 0 0 0 0 0 0 0 0 0
12362 14722 14721 12360 14717 14718 0 0 0 0 0 0 0 0 0 0 0 0
14721 16525 16527 12358 12359 12360 0 0 0 0 0 0 0 0 0 0 0 0
16526 17475 17474 16528 16527 16525 0 0 0 0 0 0 0 0 0 0 0 0
17474 17472 4221 3811 3810 16528 0 0 0 0 0 0 0 0 0 0 0 0
17470 12377 6809 4221 17472 0 0 0 0 0 0 0 0 0 0 0 0 0
12376 6813 6812 6811 6810 6809 12377 0 0 0 0 0 0 0 0 0 0 0
6387 6388 6381 6812 6813 6382 0 0 0 0 0 0 0 0 0 0 0 0
6386 9216 11893 11892 6381 6388 0 0 0 0 0 0 0 0 0 0 0 0
6385 6380 6379 9214 9216 6386 0 0 0 0 0 0 0 0 0 0 0 0
6445 6443 6390 9215 9214 6379 0 0 0 0 0 0 0 0 0 0 0 0
6444 6442 6440 6441 6443 6445 0 0 0 0 0 0 0 0 0 0 0 0
6440 2010 2009 2008 3926 6441 0 0 0 0 0 0 0 0 0 0 0 0
2003 2001 2007 2006 2009 2010 0 0 0 0 0 0 0 0 0 0 0 0
2007 6437 6438 6404 6408 2006 0 0 0 0 0 0 0 0 0 0 0 0
6436 6439 9237 9238 6438 6437 0 0 0 0 0 0 0 0 0 0 0 0
9234 9235 9233 9236 9238 9237 0 0 0 0 0 0 0 0 0 0 0 0
9231 9230 9229 9235 9234 9232 0 0 0 0 0 0 0 0 0 0 0 0
9230 9228 3892 3891 3895 9229 0 0 0 0 0 0 0 0 0 0 0 0
3889 3890 4016 4014 3892 9228 9227 0 0 0 0 0 0 0 0 0 0 0
4015 4013 9195 9197 4014 4016 0 0 0 0 0 0 0 0 0 0 0 0
2076 2075 2074 4013 4015 4017 4018 0 0 0 0 0 0 0 0 0 0 0
2075 946 947 6359 6360 2074 0 0 0 0 0 0 0 0 0 0 0 0
9547 9544 6640 6641 947 946 0 0 0 0 0 0 0 0 0 0 0 0
6637 6638 6636 6639 6641 6640 0 0 0 0 0 0 0 0 0 0 0 0
6647 9550 9552 2072 6638 6637 0 0 0 0 0 0 0 0 0 0 0 0
9711 9716 9715 9714 9713 9712 0 0 0 0 0 0 0 0 0 0 0 0
12325 12323 9706 9707 9715 9716 0 0 0 0 0 0 0 0 0 0 0 0
9709 9708 9710 9720 9722 9707 9706 0 0 0 0 0 0 0 0 0 0 0
9705 9747 9748 9710 9708 0 0 0 0 0 0 0 0 0 0 0 0 0
9744 12370 12369 9745 9746 9748 9747 0 0 0 0 0 0 0 0 0 0 0
12348 14713 14715 12370 9744 9742 0 0 0 0 0 0 0 0 0 0 0 0
14716 12354 12353 4212 4215 12371 14714 0 0 0 0 0 0 0 0 0 0 0
12360 12359 12355 12354 14716 14717 0 0 0 0 0 0 0 0 0 0 0 0
12358 6324 9182 9181 12357 12355 12359 0 0 0 0 0 0 0 0 0 0 0
16527 16528 3810 6325 6324 12358 0 0 0 0 0 0 0 0 0 0 0 0
3811 6817 6818 6326 6325 3810 0 0 0 0 0 0 0 0 0 0 0 0
6809 6810 6816 6817 3811 4221 0 0 0 0 0 0 0 0 0 0 0 0
6811 6822 6821 6815 6816 6810 0 0 0 0 0 0 0 0 0 0 0 0
6381 11892 11894 6822 6811 6812 0 0 0 0 0 0 0 0 0 0 0 0
11893 14317 14316 11896 11895 11894 11892 0 0 0 0 0 0 0 0 0 0 0
9216 9214 9215 14320 14317 11893 0 0 0 0 0 0 0 0 0 0 0 0
9215 6390 6391 6389 14319 14320 0 0 0 0 0 0 0 0 0 0 0 0
6443 6441 3926 3927 6391 6390 0 0 0 0 0 0 0 0 0 0 0 0
3926 2008 6394 6395 3883 3927 0 0 0 0 0 0 0 0 0 0 0 0
2009 2006 6408 6409 6394 2008 0 0 0 0 0 0 0 0 0 0 0 0
6404 6403 6405 6406 6407 6409 6408 0 0 0 0 0 0 0 0 0 0 0
6438 9238 9236 6424 6403 6404 0 0 0 0 0 0 0 0 0 0 0 0
9236 9233 6422 6421 6423 6424 0 0 0 0 0 0 0 0 0 0 0 0
9235 9229 3895 3894 6422 9233 0 0 0 0 0 0 0 0 0 0 0 0
3891 2073 3888 3885 3894 3895 0 0 0 0 0 0 0 0 0 0 0 0
4014 9197 9198 2073 3891 3892 0 0 0 0 0 0 0 0 0 0 0 0
9197 9195 9196 9201 9200 9198 0 0 0 0 0 0 0 0 0 0 0 0
2074 6360 6358 9196 9195 4013 0 0 0 0 0 0 0 0 0 0 0 0
6359 12189 12190 9522 6358 6360 0 0 0 0 0 0 0 0 0 0 0 0
6641 6639 12187 12189 6359 947 0 0 0 0 0 0 0 0 0 0 0 0
6639 6636 6632 9521 12188 12187 0 0 0 0 0 0 0 0 0 0 0 0
2072 2069 6634 6632 6636 6638 0 0 0 0 0 0 0 0 0 0 0 0
9713 9714 6798 6800 6797 6792 0 0 0 0 0 0 0 0 0 0 0 0
9707 9722 9721 6798 9714 9715 0 0 0 0 0 0 0 0 0 0 0 0
9720 9719 12334 12338 9721 9722 0 0 0 0 0 0 0 0 0 0 0 0
9710 9748 9746 9692 9719 9720 0 0 0 0 0 0 0 0 0 0 0 0
9745 4217 4208 4188 6787 9692 9746 0 0 0 0 0 0 0 0 0 0 0
14715 14714 12371 12369 12370 0 0 0 0 0 0 0 0 0 0 0 0 0
4212 4213 4214 4216 4215 0 0 0 0 0 0 0 0 0 0 0 0 0
12354 12355 12357 12356 12353 0 0 0 0 0 0 0 0 0 0 0 0 0
12357 9181 9183 2209 12356 0 0 0 0 0 0 0 0 0 0 0 0 0
6325 6326 6327 6328 9185 9182 6324 0 0 0 0 0 0 0 0 0 0 0
6326 6818 6819 4223 6327 0 0 0 0 0 0 0 0 0 0 0 0 0
6817 6816 6815 6814 6819 6818 0 0 0 0 0 0 0 0 0 0 0 0
6815 6821 6820 3865 4222 6814 0 0 0 0 0 0 0 0 0 0 0 0
6822 11894 11895 6823 6820 6821 0 0 0 0 0 0 0 0 0 0 0 0
11896 3793 6267 6269 6823 11895 0 0 0 0 0 0 0 0 0 0 0 0
14317 14320 14319 14318 14316 0 0 0 0 0 0 0 0 0 0 0 0 0
6389 3861 3862 3864 3863 14318 14319 0 0 0 0 0 0 0 0 0 0 0
6391 3927 3883 3884 3861 6389 0 0 0 0 0 0 0 0 0 0 0 0
3883 6395 6396 6413 6412 3884 0 0 0 0 0 0 0 0 0 0 0 0
6409 6407 6393 6396 6395 6394 0 0 0 0 0 0 0 0 0 0 0 0
6407 6406 6402 6397 6393 0 0 0 0 0 0 0 0 0 0 0 0 0
6403 6424 6423 3893 6405 0 0 0 0 0 0 0 0 0 0 0 0 0
6423 6421 3904 3905 3899 3893 0 0 0 0 0 0 0 0 0 0 0 0
3894 3885 3902 3904 6421 6422 0 0 0 0 0 0 0 0 0 0 0 0
3888 3887 3886 3903 3902 3885 0 0 0 0 0 0 0 0 0 0 0 0
2073 9198 9200 9199 3887 3888 0 0 0 0 0 0 0 0 0 0 0 0
9201 12191 16326 16327 14315 9199 9200 0 0 0 0 0 0 0 0 0 0 0
9196 6358 9522 12192 12191 9201 0 0 0 0 0 0 0 0 0 0 0 0
12190 14640 14639 14644 14645 12192 9522 0 0 0 0 0 0 0 0 0 0 0
12189 12187 12188 14643 14640 12190 0 0 0 0 0 0 0 0 0 0 0 0
9521 9520 12186 14642 14643 12188 0 0 0 0 0 0 0 0 0 0 0 0
6632 6634 6635 6633 9520 9521 0 0 0 0 0 0 0 0 0 0 0 0
6800 6799 12312 12310 6796 6797 0 0 0 0 0 0 0 0 0 0 0 0
9721 12338 12337 6799 6800 6798 0 0 0 0 0 0 0 0 0 0 0 0
12338 12334 12333 12336 12335 12337 0 0 0 0 0 0 0 0 0 0 0 0
9719 9692 6787 12333 12334 0 0 0 0 0 0 0 0 0 0 0 0 0
4188 4208 4209 4189 0 0 0 0 0 0 0 0 0 0 0 0 0 0
12369 12371 4215 4216 4218 4217 9745 0 0 0 0 0 0 0 0 0 0 0
4216 4214 1006 4206 4218 0 0 0 0 0 0 0 0 0 0 0 0 0
12353 12356 2209 2210 4213 4212 0 0 0 0 0 0 0 0 0 0 0 0
2209 9183 9184 6310 2208 2210 0 0 0 0 0 0 0 0 0 0 0 0
9182 9185 9184 9183 9181 0 0 0 0 0 0 0 0 0 0 0 0 0
4223 6316 6315 6304 6308 6328 6327 0 0 0 0 0 0 0 0 0 0 0
6819 6814 4222 6314 6316 4223 0 0 0 0 0 0 0 0 0 0 0 0
4222 3865 3866 1984 6312 6314 0 0 0 0 0 0 0 0 0 0 0 0
6820 6823 6269 6268 3866 3865 0 0 0 0 0 0 0 0 0 0 0 0
6269 6267 11846 11848 6268 0 0 0 0 0 0 0 0 0 0 0 0 0
14318 3863 3793 11896 14316 0 0 0 0 0 0 0 0 0 0 0 0 0
3862 1945 3792 6265 9146 9145 3864 0 0 0 0 0 0 0 0 0 0 0
3861 3884 6412 6411 1945 3862 0 0 0 0 0 0 0 0 0 0 0 0
6413 6410 9220 9223 6411 6412 0 0 0 0 0 0 0 0 0 0 0 0
6396 6393 6397 6398 6410 6413 0 0 0 0 0 0 0 0 0 0 0 0
6397 6402 6401 6400 6399 6398 0 0 0 0 0 0 0 0 0 0 0 0
6405 3893 3899 3898 6401 6402 6406 0 0 0 0 0 0 0 0 0 0 0
3905 3901 3897 3896 3898 3899 0 0 0 0 0 0 0 0 0 0 0 0
3904 3902 3903 3900 3901 3905 0 0 0 0 0 0 0 0 0 0 0 0
3903 3886 6361 6363 1995 3900 0 0 0 0 0 0 0 0 0 0 0 0
3887 9199 14315 14314 6361 3886 0 0 0 0 0 0 0 0 0 0 0 0
14315 16327 16324 14313 14314 0 0 0 0 0 0 0 0 0 0 0 0 0
12192 14645 17392 17393 16326 12191 0 0 0 0 0 0 0 0 0 0 0 0
14644 14646 17397 17392 14645 0 0 0 0 0 0 0 0 0 0 0 0 0
14640 14643 14642 14641 14639 0 0 0 0 0 0 0 0 0 0 0 0 0
14642 12186 12185 12184 12183 14641 0 0 0 0 0 0 0 0 0 0 0 0
6633 4012 4010 12185 12186 9520 0 0 0 0 0 0 0 0 0 0 0 0
12310 12312 12313 14688 14684 12311 0 0 0 0 0 0 0 0 0 0 0 0
6799 12337 12335 9694 12313 12312 0 0 0 0 0 0 0 0 0 0 0 0
12336 9693 9696 9695 9697 9698 9694 12335 0 0 0 0 0 0 0 0 0 0
12333 6787 4188 4189 6789 9693 12336 0 0 0 0 0 0 0 0 0 0 0
4189 4209 4210 6788 6789 0 0 0 0 0 0 0 0 0 0 0 0 0
4218 4206 4207 4211 4210 4209 4208 4217 0 0 0 0 0 0 0 0 0 0
1006 9735 9736 4203 4207 4206 0 0 0 0 0 0 0 0 0 0 0 0
2210 2208 9734 9735 1006 4214 4213 0 0 0 0 0 0 0 0 0 0 0
6310 6311 6805 9732 9734 2208 0 0 0 0 0 0 0 0 0 0 0 0
9185 6328 6308 6309 6311 6310 9184 0 0 0 0 0 0 0 0 0 0 0
6308 6304 6305 6303 6309 0 0 0 0 0 0 0 0 0 0 0 0 0
6314 6312 6313 6315 6316 0 0 0 0 0 0 0 0 0 0 0 0 0
1984 1985 3867 3869 6313 6312 0 0 0 0 0 0 0 0 0 0 0 0
6268 11848 11849 1985 1984 3866 0 0 0 0 0 0 0 0 0 0 0 0
11848 11846 11847 11851 11850 11849 0 0 0 0 0 0 0 0 0 0 0 0
3793 3863 3864 9145 11847 11846 6267 0 0 0 0 0 0 0 0 0 0 0
9146 6265 6264 9147 0 0 0 0 0 0 0 0 0 0 0 0 0 0
6411 9223 9222 3792 1945 0 0 0 0 0 0 0 0 0 0 0 0 0
9220 9225 9224 9221 9222 9223 0 0 0 0 0 0 0 0 0 0 0 0
6398 6399 6417 9225 9220 6410 0 0 0 0 0 0 0 0 0 0 0 0
6399 6400 1990 1989 6416 6417 0 0 0 0 0 0 0 0 0 0 0 0
3898 3896 900 1990 6400 6401 0 0 0 0 0 0 0 0 0 0 0 0
3897 3789 3790 1943 900 3896 0 0 0 0 0 0 0 0 0 0 0 0
3901 3900 1995 3788 3789 3897 0 0 0 0 0 0 0 0 0 0 0 0
6363 6362 901 1992 1994 3787 3788 1995 0 0 0 0 0 0 0 0 0 0
14314 14313 11878 6362 6363 6361 0 0 0 0 0 0 0 0 0 0 0 0
16324 16325 11877 11879 11878 14313 0 0 0 0 0 0 0 0 0 0 0 0
16326 17393 17394 16325 16324 16327 0 0 0 0 0 0 0 0 0 0 0 0
17392 17397 17396 17395 17394 17393 0 0 0 0 0 0 0 0 0 0 0 0
14639 14641 12183 12179 14646 14644 0 0 0 0 0 0 0 0 0 0 0 0
12184 9516 12176 12182 12179 12183 0 0 0 0 0 0 0 0 0 0 0 0
4010 4009 4008 9516 12184 12185 0 0 0 0 0 0 0 0 0 0 0 0
14688 14687 14686 14685 14683 14684 0 0 0 0 0 0 0 0 0 0 0 0
12313 9694 9698 14687 14688 0 0 0 0 0 0 0 0 0 0 0 0 0
9697 9695 6781 6786 0 0 0 0 0 0 0 0 0 0 0 0 0 0
6789 6788 6790 9696 9693 0 0 0 0 0 0 0 0 0 0 0 0 0
4210 4211 4205 1003 362 6790 6788 0 0 0 0 0 0 0 0 0 0 0
4211 4207 4203 4204 4205 0 0 0 0 0 0 0 0 0 0 0 0 0
4203 9736 9737 4201 2207 4204 0 0 0 0 0 0 0 0 0 0 0 0
9734 9732 9733 9737 9736 9735 0 0 0 0 0 0 0 0 0 0 0 0
6805 6807 6806 6804 9733 9732 0 0 0 0 0 0 0 0 0 0 0 0
6311 6309 6303 6307 6807 6805 0 0 0 0 0 0 0 0 0 0 0 0
6303 6305 3808 9179 9175 6307 0 0 0 0 0 0 0 0 0 0 0 0
6315 6313 3869 3868 3808 6305 6304 0 0 0 0 0 0 0 0 0 0 0
3867 9154 9156 3870 3868 3869 0 0 0 0 0 0 0 0 0 0 0 0
11849 11850 9158 9154 3867 1985 0 0 0 0 0 0 0 0 0 0 0 0
11851 9148 6282 9153 9159 9158 11850 0 0 0 0 0 0 0 0 0 0 0
9145 9146 9147 9149 9148 11851 11847 0 0 0 0 0 0 0 0 0 0 0
9147 6264 6288 9161 9163 9149 0 0 0 0 0 0 0 0 0 0 0 0
9222 9221 6286 6288 6264 6265 3792 0 0 0 0 0 0 0 0 0 0 0
9224 6415 6266 6287 6286 9221 0 0 0 0 0 0 0 0 0 0 0 0
9225 6417 6416 6414 6415 9224 0 0 0 0 0 0 0 0 0 0 0 0
1989 1987 11856 11852 6414 6416 0 0 0 0 0 0 0 0 0 0 0 0
900 1943 1988 1987 1989 1990 0 0 0 0 0 0 0 0 0 0 0 0
1943 3790 3786 6242 6243 1988 0 0 0 0 0 0 0 0 0 0 0 0
3789 3788 3787 3786 3790 0 0 0 0 0 0 0 0 0 0 0 0 0
1994 1992 1991 1993 0 0 0 0 0 0 0 0 0 0 0 0 0 0
6362 11878 11879 6364 901 0 0 0 0 0 0 0 0 0 0 0 0 0
11879 11877 6369 6368 6365 6364 0 0 0 0 0 0 0 0 0 0 0 0
17394 17395 9517 6369 11877 16325 0 0 0 0 0 0 0 0 0 0 0 0
17396 12180 9518 9519 9517 17395 0 0 0 0 0 0 0 0 0 0 0 0
12179 12182 12181 12180 17396 17397 14646 0 0 0 0 0 0 0 0 0 0 0
12182 12176 12175 12177 12178 12181 0 0 0 0 0 0 0 0 0 0 0 0
9516 4008 4004 6628 12175 12176 0 0 0 0 0 0 0 0 0 0 0 0
14686 6784 1001 1002 2206 14685 0 0 0 0 0 0 0 0 0 0 0 0
14687 9698 9697 6786 6785 6784 14686 0 0 0 0 0 0 0 0 0 0 0
6786 6781 6780 6782 6783 6785 0 0 0 0 0 0 0 0 0 0 0 0
6790 362 364 6780 6781 9695 9696 0 0 0 0 0 0 0 0 0 0 0
1003 1004 361 363 364 362 0 0 0 0 0 0 0 0 0 0 0 0
4205 4204 2207 1005 1004 1003 0 0 0 0 0 0 0 0 0 0 0 0
4201 4200 1950 895 1005 2207 0 0 0 0 0 0 0 0 0 0 0 0
9737 9733 6804 4202 4200 4201 0 0 0 0 0 0 0 0 0 0 0 0
6804 6806 6306 1953 1954 4202 0 0 0 0 0 0 0 0 0 0 0 0
6307 9175 9178 6306 6806 6807 0 0 0 0 0 0 0 0 0 0 0 0
9175 9179 9180 9176 9177 9178 0 0 0 0 0 0 0 0 0 0 0 0
3868 3870 6320 6321 9180 9179 3808 0 0 0 0 0 0 0 0 0 0 0
9156 9157 6322 6320 3870 0 0 0 0 0 0 0 0 0 0 0 0 0
9154 9158 9159 9155 9157 9156 0 0 0 0 0 0 0 0 0 0 0 0
9159 9153 11863 11865 9155 0 0 0 0 0 0 0 0 0 0 0 0 0
9149 9163 9164 6282 9148 0 0 0 0 0 0 0 0 0 0 0 0 0
9161 9162 9160 9165 9164 9163 0 0 0 0 0 0 0 0 0 0 0 0
6286 6287 6285 9162 9161 6288 0 0 0 0 0 0 0 0 0 0 0 0
6287 6266 11861 11860 3801 6285 0 0 0 0 0 0 0 0 0 0 0 0
6414 11852 11853 11858 11861 6266 6415 0 0 0 0 0 0 0 0 0 0 0
11852 11856 11855 11854 11853 0 0 0 0 0 0 0 0 0 0 0 0 0
1987 1988 6243 6245 11855 11856 0 0 0 0 0 0 0 0 0 0 0 0
6242 6240 6241 6244 6245 6243 0 0 0 0 0 0 0 0 0 0 0 0
3787 1994 1993 3791 6240 6242 3786 0 0 0 0 0 0 0 0 0 0 0
1993 1991 888 6253 6251 3791 0 0 0 0 0 0 0 0 0 0 0 0
6364 6365 1944 888 1991 1992 901 0 0 0 0 0 0 0 0 0 0 0
6365 6368 6367 3847 3846 1944 0 0 0 0 0 0 0 0 0 0 0 0
6369 9517 9519 6366 6367 6368 0 0 0 0 0 0 0 0 0 0 0 0
9518 6353 6357 3839 6366 9519 0 0 0 0 0 0 0 0 0 0 0 0
12180 12181 12178 6355 6353 9518 0 0 0 0 0 0 0 0 0 0 0 0
12178 12177 6629 945 1975 6354 6355 0 0 0 0 0 0 0 0 0 0 0
6628 6631 6630 6629 12177 12175 0 0 0 0 0 0 0 0 0 0 0 0
1002 1001 356 355 370 371 0 0 0 0 0 0 0 0 0 0 0 0
6785 6783 119 356 1001 6784 0 0 0 0 0 0 0 0 0 0 0 0
6782 353 359 357 119 6783 0 0 0 0 0 0 0 0 0 0 0 0
364 363 354 353 6782 6780 0 0 0 0 0 0 0 0 0 0 0 0
363 361 234 5843 5844 354 0 0 0 0 0 0 0 0 0 0 0 0
1005 895 896 234 361 1004 0 0 0 0 0 0 0 0 0 0 0 0
895 1950 1951 893 894 896 0 0 0 0 0 0 0 0 0 0 0 0
4200 4202 1954 1956 1951 1950 0 0 0 0 0 0 0 0 0 0 0 0
1953 3822 3823 1955 1956 1954 0 0 0 0 0 0 0 0 0 0 0 0
6306 9178 9177 3825 3822 1953 0 0 0 0 0 0 0 0 0 0 0 0
9176 3809 3818 3826 3825 9177 0 0 0 0 0 0 0 0 0 0 0 0
9180 6321 6318 3809 9176 0 0 0 0 0 0 0 0 0 0 0 0 0
6320 6322 6323 6319 6317 6318 6321 0 0 0 0 0 0 0 0 0 0 0
9155 11865 11867 6323 6322 9157 0 0 0 0 0 0 0 0 0 0 0 0
11865 11863 11862 11864 11866 11867 0 0 0 0 0 0 0 0 0 0 0 0
6282 9164 9165 6284 11862 11863 9153 0 0 0 0 0 0 0 0 0 0 0
9165 9160 6302 6301 6283 6284 0 0 0 0 0 0 0 0 0 0 0 0
9162 6285 3801 6300 6302 9160 0 0 0 0 0 0 0 0 0 0 0 0
11860 11859 11871 11872 6300 3801 0 0 0 0 0 0 0 0 0 0 0 0
11861 11858 11857 11859 11860 0 0 0 0 0 0 0 0 0 0 0 0 0
11854 9150 9152 9151 11857 11858 11853 0 0 0 0 0 0 0 0 0 0 0
6245 6244 9143 9150 11854 11855 0 0 0 0 0 0 0 0 0 0 0 0
6244 6241 6255 6256 9141 9143 0 0 0 0 0 0 0 0 0 0 0 0
6240 3791 6251 6257 6255 6241 0 0 0 0 0 0 0 0 0 0 0 0
6253 6254 6252 6260 6257 6251 0 0 0 0 0 0 0 0 0 0 0 0
1944 3846 3844 6254 6253 888 0 0 0 0 0 0 0 0 0 0 0 0
3847 3848 3849 3845 3844 3846 0 0 0 0 0 0 0 0 0 0 0 0
6366 3839 3841 3848 3847 6367 0 0 0 0 0 0 0 0 0 0 0 0
3839 6357 6356 3835 3842 3841 0 0 0 0 0 0 0 0 0 0 0 0
6353 6355 6354 6356 6357 0 0 0 0 0 0 0 0 0 0 0 0 0
945 2065 2064 1974 1975 0 0 0 0 0 0 0 0 0 0 0 0 0
6630 2066 2068 2065 945 6629 0 0 0 0 0 0 0 0 0 0 0 0
355 1021 4257 4258 4252 370 0 0 0 0 0 0 0 0 0 0 0 0
356 119 357 1023 1021 355 0 0 0 0 0 0 0 0 0 0 0 0
357 359 360 358 1022 1023 0 0 0 0 0 0 0 0 0 0 0 0
353 354 5844 5845 360 359 0 0 0 0 0 0 0 0 0 0 0 0
5843 5841 5842 5846 5845 5844 0 0 0 0 0 0 0 0 0 0 0 0
896 894 1678 5841 5843 234 0 0 0 0 0 0 0 0 0 0 0 0
893 3362 3363 1679 1678 894 0 0 0 0 0 0 0 0 0 0 0 0
1956 1955 3361 3362 893 1951 0 0 0 0 0 0 0 0 0 0 0 0
1955 3823 3821 1952 3360 3361 0 0 0 0 0 0 0 0 0 0 0 0
3825 3826 3824 3821 3823 3822 0 0 0 0 0 0 0 0 0 0 0 0
3826 3818 3820 3819 3817 3824 0 0 0 0 0 0 0 0 0 0 0 0
6318 6317 3752 3820 3818 3809 0 0 0 0 0 0 0 0 0 0 0 0
6319 6278 1949 993 3752 6317 0 0 0 0 0 0 0 0 0 0 0 0
6323 11867 11866 6279 6278 6319 0 0 0 0 0 0 0 0 0 0 0 0
11864 6280 3804 3805 6279 11866 0 0 0 0 0 0 0 0 0 0 0 0
6284 6283 6281 6280 11864 11862 0 0 0 0 0 0 0 0 0 0 0 0
6301 9174 9173 3806 6281 6283 0 0 0 0 0 0 0 0 0 0 0 0
6300 11872 11868 9174 6301 6302 0 0 0 0 0 0 0 0 0 0 0 0
11871 11869 11870 14311 14308 11868 11872 0 0 0 0 0 0 0 0 0 0 0
11857 9151 6335 11869 11871 11859 0 0 0 0 0 0 0 0 0 0 0 0
9152 9144 6263 6339 6340 6336 6335 9151 0 0 0 0 0 0 0 0 0 0
9150 9143 9141 9142 9144 9152 0 0 0 0 0 0 0 0 0 0 0 0
6256 6258 6246 6262 9142 9141 0 0 0 0 0 0 0 0 0 0 0 0
6257 6260 6259 6258 6256 6255 0 0 0 0 0 0 0 0 0 0 0 0
6260 6252 1957 1958 6249 6259 0 0 0 0 0 0 0 0 0 0 0 0
6254 3844 3845 1976 1957 6252 0 0 0 0 0 0 0 0 0 0 0 0
3845 3849 3840 1979 1977 1976 0 0 0 0 0 0 0 0 0 0 0 0
3841 3842 3843 3840 3849 3848 0 0 0 0 0 0 0 0 0 0 0 0
3835 3836 3837 3838 3843 3842 0 0 0 0 0 0 0 0 0 0 0 0
6354 1975 1974 1973 3836 3835 6356 0 0 0 0 0 0 0 0 0 0 0
1974 2064 3998 4000 943 1973 0 0 0 0 0 0 0 0 0 0 0 0
2068 2067 4003 3998 2064 2065 0 0 0 0 0 0 0 0 0 0 0 0
4258 4257 4260 4261 4256 4259 0 0 0 0 0 0 0 0 0 0 0 0
1023 1022 1020 4260 4257 1021 0 0 0 0 0 0 0 0 0 0 0 0
1022 358 2236 2237 1024 1020 0 0 0 0 0 0 0 0 0 0 0 0
360 5845 5846 3356 2236 358 0 0 0 0 0 0 0 0 0 0 0 0
5846 5842 4272 4271 3357 3356 0 0 0 0 0 0 0 0 0 0 0 0
1678 1679 4269 4272 5842 5841 0 0 0 0 0 0 0 0 0 0 0 0
3363 3364 1682 4267 4269 1679 0 0 0 0 0 0 0 0 0 0 0 0
3361 3360 3358 3359 3364 3363 3362 0 0 0 0 0 0 0 0 0 0 0
1952 3812 3813 2163 3358 3360 0 0 0 0 0 0 0 0 0 0 0 0
3821 3824 3817 3816 3812 1952 0 0 0 0 0 0 0 0 0 0 0 0
3817 3819 995 3815 3816 0 0 0 0 0 0 0 0 0 0 0 0 0
3820 3752 993 992 994 995 3819 0 0 0 0 0 0 0 0 0 0 0
1949 1948 1934 1932 992 993 0 0 0 0 0 0 0 0 0 0 0 0
6279 3805 6299 6298 1948 1949 6278 0 0 0 0 0 0 0 0 0 0 0
3804 3803 6294 6299 3805 0 0 0 0 0 0 0 0 0 0 0 0 0
6280 6281 3806 3807 3803 3804 0 0 0 0 0 0 0 0 0 0 0 0
9173 9172 6292 6290 3807 3806 0 0 0 0 0 0 0 0 0 0 0 0
9174 11868 14308 14307 9172 9173 0 0 0 0 0 0 0 0 0 0 0 0
14308 14311 14310 14309 14307 0 0 0 0 0 0 0 0 0 0 0 0 0
11869 6335 6336 11870 0 0 0 0 0 0 0 0 0 0 0 0 0 0
6339 6337 6338 6340 0 0 0 0 0 0 0 0 0 0 0 0 0 0
9144 9142 6262 6261 6263 0 0 0 0 0 0 0 0 0 0 0 0 0
6262 6246 6247 1963 6261 0 0 0 0 0 0 0 0 0 0 0 0 0
6258 6259 6249 6250 6248 6247 6246 0 0 0 0 0 0 0 0 0 0 0
1958 3850 6334 6331 6250 6249 0 0 0 0 0 0 0 0 0 0 0 0
1976 1977 3851 3850 1958 1957 0 0 0 0 0 0 0 0 0 0 0 0
1979 1978 9190 9192 3851 1977 0 0 0 0 0 0 0 0 0 0 0 0
3840 3843 3838 1969 1978 1979 0 0 0 0 0 0 0 0 0 0 0 0
3837 1966 1967 1968 1969 3838 0 0 0 0 0 0 0 0 0 0 0 0
1973 943 116 1966 3837 3836 0 0 0 0 0 0 0 0 0 0 0 0
4000 3999 340 115 116 943 0 0 0 0 0 0 0 0 0 0 0 0
3998 4003 4002 4001 3999 4000 0 0 0 0 0 0 0 0 0 0 0 0
4261 3048 6918 6921 4262 4256 0 0 0 0 0 0 0 0 0 0 0 0
1020 1024 3049 3048 4261 4260 0 0 0 0 0 0 0 0 0 0 0 0
1024 2237 2235 1025 3050 3049 0 0 0 0 0 0 0 0 0 0 0 0
3356 3357 2234 2235 2237 2236 0 0 0 0 0 0 0 0 0 0 0 0
4271 4270 6917 6916 2234 3357 0 0 0 0 0 0 0 0 0 0 0 0
4269 4267 4268 4270 4271 4272 0 0 0 0 0 0 0 0 0 0 0 0
4267 1682 1681 1677 2252 4268 0 0 0 0 0 0 0 0 0 0 0 0
3364 3359 1680 1681 1682 0 0 0 0 0 0 0 0 0 0 0 0 0
3358 2163 2162 991 1680 3359 0 0 0 0 0 0 0 0 0 0 0 0
3812 3816 3815 3814 3813 0 0 0 0 0 0 0 0 0 0 0 0 0
3815 995 994 3762 3761 2165 3814 0 0 0 0 0 0 0 0 0 0 0
992 1932 3758 3762 994 0 0 0 0 0 0 0 0 0 0 0 0 0
1932 1934 1935 1933 3759 3758 0 0 0 0 0 0 0 0 0 0 0 0
6298 6296 1935 1934 1948 0 0 0 0 0 0 0 0 0 0 0 0 0
6299 6294 6293 6295 6297 6296 6298 0 0 0 0 0 0 0 0 0 0 0
3807 6290 6289 6293 6294 3803 0 0 0 0 0 0 0 0 0 0 0 0
6292 6291 9171 9167 6289 6290 0 0 0 0 0 0 0 0 0 0 0 0
14307 14309 6342 6291 6292 9172 0 0 0 0 0 0 0 0 0 0 0 0
14310 6344 6343 6341 6342 14309 0 0 0 0 0 0 0 0 0 0 0 0
6336 6340 6338 3829 6344 14310 14311 11870 0 0 0 0 0 0 0 0 0 0
6338 6337 1965 1961 1962 3829 0 0 0 0 0 0 0 0 0 0 0 0
6261 1963 1964 1965 6337 6339 6263 0 0 0 0 0 0 0 0 0 0 0
1963 6247 6248 3828 6225 6224 1964 0 0 0 0 0 0 0 0 0 0 0
6250 6331 6330 3828 6248 0 0 0 0 0 0 0 0 0 0 0 0 0
6331 6334 6333 6332 6329 6330 0 0 0 0 0 0 0 0 0 0 0 0
3851 9192 9193 6333 6334 3850 0 0 0 0 0 0 0 0 0 0 0 0
9192 9190 9191 9189 9194 9193 0 0 0 0 0 0 0 0 0 0 0 0
1969 1968 3832 9191 9190 1978 0 0 0 0 0 0 0 0 0 0 0 0
1968 1967 897 1971 3833 3832 0 0 0 0 0 0 0 0 0 0 0 0
116 115 111 897 1967 1966 0 0 0 0 0 0 0 0 0 0 0 0
115 340 341 334 114 111 0 0 0 0 0 0 0 0 0 0 0 0
4001 925 339 341 340 3999 0 0 0 0 0 0 0 0 0 0 0 0
6921 6918 6919 10869 10866 6920 0 0 0 0 0 0 0 0 0 0 0 0
3049 3050 4287 6919 6918 3048 0 0 0 0 0 0 0 0 0 0 0 0
1025 1028 2253 4285 4287 3050 0 0 0 0 0 0 0 0 0 0 0 0
2234 6916 6914 1028 1025 2235 0 0 0 0 0 0 0 0 0 0 0 0
6917 6913 6912 6915 6914 6916 0 0 0 0 0 0 0 0 0 0 0 0
4270 4268 2252 2251 6913 6917 0 0 0 0 0 0 0 0 0 0 0 0
2252 1677 233 4281 4283 2251 0 0 0 0 0 0 0 0 0 0 0 0
1680 991 990 233 1677 1681 0 0 0 0 0 0 0 0 0 0 0 0
2162 2164 2260 2255 990 991 0 0 0 0 0 0 0 0 0 0 0 0
3814 2165 2166 2164 2162 2163 3813 0 0 0 0 0 0 0 0 0 0 0
3761 3760 6230 6232 2166 2165 0 0 0 0 0 0 0 0 0 0 0 0
3762 3758 3759 3757 3760 3761 0 0 0 0 0 0 0 0 0 0 0 0
3759 1933 879 878 1931 3757 0 0 0 0 0 0 0 0 0 0 0 0
1935 6296 6297 877 879 1933 0 0 0 0 0 0 0 0 0 0 0 0
6295 3802 3765 3766 877 6297 0 0 0 0 0 0 0 0 0 0 0 0
6293 6289 9167 9166 3802 6295 0 0 0 0 0 0 0 0 0 0 0 0
9167 9171 9170 9169 9168 9166 0 0 0 0 0 0 0 0 0 0 0 0
6291 6342 6341 1947 9170 9171 0 0 0 0 0 0 0 0 0 0 0 0
6341 6343 1960 892 1946 1947 0 0 0 0 0 0 0 0 0 0 0 0
3829 1962 1959 1960 6343 6344 0 0 0 0 0 0 0 0 0 0 0 0
1962 1961 1929 1927 889 1959 0 0 0 0 0 0 0 0 0 0 0 0
1964 6224 6222 1929 1961 1965 0 0 0 0 0 0 0 0 0 0 0 0
6225 6227 6226 6223 6222 6224 0 0 0 0 0 0 0 0 0 0 0 0
3828 6330 6329 3827 6227 6225 0 0 0 0 0 0 0 0 0 0 0 0
6329 6332 2140 2139 315 3827 0 0 0 0 0 0 0 0 0 0 0 0
9193 9194 6351 2140 6332 6333 0 0 0 0 0 0 0 0 0 0 0 0
9194 9189 6349 6350 6352 6351 0 0 0 0 0 0 0 0 0 0 0 0
3832 3833 3834 6349 9189 9191 0 0 0 0 0 0 0 0 0 0 0 0
3833 1971 1970 1972 3831 3834 0 0 0 0 0 0 0 0 0 0 0 0
897 111 114 317 1970 1971 0 0 0 0 0 0 0 0 0 0 0 0
114 334 923 924 338 317 0 0 0 0 0 0 0 0 0 0 0 0
341 339 2058 2059 923 334 0 0 0 0 0 0 0 0 0 0 0 0
0 0 0 0 0 0 0 0 0 0 0 0 0 0 0 0 0 0
0 0 0 0 0 0 0 0 0 0 0 0 0 0 0 0 0 0
0 0 0 0 0 0 0 0 0 0 0 0 0 0 0 0 0 0
0 0 0 0 0 0 0 0 0 0 0 0 0 0 0 0 0 0
0 0 0 0 0 0 0 0 0 0 0 0 0 0 0 0 0 0
0 0 0 0 0 0 0 0 0 0 0 0 0 0 0 0 0 0
0 0 0 0 0 0 0 0 0 0 0 0 0 0 0 0 0 0
0 0 0 0 0 0 0 0 0 0 0 0 0 0 0 0 0 0
0 0 0 0 0 0 0 0 0 0 0 0 0 0 0 0 0 0
0 0 0 0 0 0 0 0 0 0 0 0 0 0 0 0 0 0
0 0 0 0 0 0 0 0 0 0 0 0 0 0 0 0 0 0
0 0 0 0 0 0 0 0 0 0 0 0 0 0 0 0 0 0
0 0 0 0 0 0 0 0 0 0 0 0 0 0 0 0 0 0
0 0 0 0 0 0 0 0 0 0 0 0 0 0 0 0 0 0
0 0 0 0 0 0 0 0 0 0 0 0 0 0 0 0 0 0
0 0 0 0 0 0 0 0 0 0 0 0 0 0 0 0 0 0
